Position	beta	iHS	nSL	XP-EHH	DDAF	Noise1	Noise2	Noise3
500000	1.171403	5.10687	3.30174	1.7250599999999998	1.5942530465	-998	-998	-998
500000	-0.5798270000000001	2.76559	0.882595	2.1002400000000003	1.48043981993	-998	-998	-998
500000	4.656666	2.0365599999999997	1.20672	1.98385	1.4349145293	-998	-998	-998
500000	2.6468700000000003	3.85189	1.8497599999999998	2.09417	1.35903904492	-998	-998	-998
500000	-0.160977	3.4713199999999995	1.2908	0.801439	1.54114020743	-998	-998	-998
500000	0.0	3.5872800000000002	2.0354900000000002	1.87969	1.6549534340099998	-998	-998	-998
500000	0.024086	4.83691	2.37912	1.6679099999999998	1.73841646683	-998	-998	-998
500000	0.0	4.16195	1.93678	2.05305	1.54114020743	-998	-998	-998
500000	1.167844	3.62944	1.9714599999999998	1.81945	1.5942530465	-998	-998	-998
500000	-0.243181	4.12215	1.5714	2.45391	1.5942530465	-998	-998	-998
500000	-0.21484299999999998	5.20707	2.7760700000000003	1.3034	1.5259651105599998	-998	-998	-998
500000	-0.258785	3.89459	2.56973	0.937099	1.55631530431	-998	-998	-998
500000	0.0	3.45624	2.41668	0.9587040000000001	1.73841646683	-998	-998	-998
500000	0.340996	5.0178199999999995	3.2016400000000003	1.42347	1.73082891839	-998	-998	-998
500000	-0.141014	5.26941	1.35406	1.79446	1.44250207774	-998	-998	-998
500000	-0.15066300000000002	4.55467	2.09291	2.5396099999999997	1.56390285275	-998	-998	-998
500000	0.511219	4.42741	2.6166099999999997	2.3349	1.54114020743	-998	-998	-998
500000	-0.09889500000000001	3.75239	1.6594	1.35256	1.45767717461	-998	-998	-998
500000	1.78157	3.0657900000000002	1.1790399999999999	1.1182	1.58666549806	-998	-998	-998
500000	0.782013	2.75639	1.57271	0.474041	1.55631530431	-998	-998	-998
500000	0.0	3.93972	2.21758	2.51707	1.7611791121400002	-998	-998	-998
500000	1.048691	5.1875	1.9313900000000002	2.38905	1.4956149168000001	-998	-998	-998
500000	-0.20610599999999998	4.8969	3.00478	3.0705400000000003	1.73841646683	-998	-998	-998
500000	3.259402	4.50105	2.4409400000000003	0.606781	1.51079001368	-998	-998	-998
500000	2.826598	3.96593	1.9052200000000001	2.01714	1.61701569182	-998	-998	-998
500000	0.618784	4.19958	2.4879599999999997	1.70213	1.70806627308	-998	-998	-998
500000	1.18967	4.0622	2.2156700000000003	2.11622	1.6321907886899998	-998	-998	-998
500000	-0.12431500000000001	3.6994300000000004	1.50559	1.3724299999999998	1.60942814338	-998	-998	-998
500000	-0.41628699999999996	3.64428	1.68239	1.15421	1.6246032402500001	-998	-998	-998
500000	1.075561	3.6799699999999995	2.11508	2.16035	1.6321907886899998	-998	-998	-998
500000	0.0	2.57457	1.31259	2.0703099999999997	1.51079001368	-998	-998	-998
500000	-0.152123	4.66436	2.4894	2.73137	1.6018405949399999	-998	-998	-998
500000	5.675172	4.83774	2.62207	2.24173	1.60942814338	-998	-998	-998
500000	1.727429	4.87277	2.1642799999999998	2.76418	1.48802736837	-998	-998	-998
500000	0.0	5.4701	2.26187	2.22427	1.6321907886899998	-998	-998	-998
500000	-0.439486	3.50149	1.21255	1.1704299999999999	1.42732698086	-998	-998	-998
500000	-0.075163	3.62583	1.9366900000000002	2.12351	1.6549534340099998	-998	-998	-998
500000	0.0	4.68386	2.9052700000000002	2.22445	1.6625409824500001	-998	-998	-998
500000	-0.152254	3.16815	1.08181	1.16086	1.41215188398	-998	-998	-998
500000	-0.425201	4.40411	2.2460299999999997	2.08296	1.56390285275	-998	-998	-998
500000	0.185151	4.26058	1.8138900000000002	1.95935	1.58666549806	-998	-998	-998
500000	-0.029289	5.1965	1.9358799999999998	0.9867319999999999	1.48802736837	-998	-998	-998
500000	1.168748	5.14312	2.7747900000000003	1.59574	1.67771607932	-998	-998	-998
500000	1.208789	3.7160300000000004	2.04359	1.3999	1.63977833713	-998	-998	-998
500000	-0.589661	5.7100599999999995	2.9316	3.38895	1.67771607932	-998	-998	-998
500000	0.0	3.44858	2.45284	1.31538	1.6246032402500001	-998	-998	-998
500000	-0.007331	4.32351	2.75481	2.08985	1.76876666058	-998	-998	-998
500000	-0.133519	4.877269999999999	3.00894	1.3490799999999998	1.56390285275	-998	-998	-998
500000	0.9914379999999999	5.55706	2.1098	2.65449	1.5487277558700001	-998	-998	-998
500000	0.0	4.39865	2.32776	0.568365	1.61701569182	-998	-998	-998
500000	-0.167946	3.18899	1.2917399999999999	1.5228700000000002	1.73082891839	-998	-998	-998
500000	-0.239848	4.10122	2.0182	0.981039	1.57149040119	-998	-998	-998
500000	-0.201226	3.63743	1.79594	1.03672	1.4728522714899999	-998	-998	-998
500000	0.0	4.9991699999999994	3.48296	1.55324	1.6246032402500001	-998	-998	-998
500000	0.362288	5.483230000000001	1.96097	1.75635	1.45008962617	-998	-998	-998
500000	0.872801	3.4407099999999997	1.03158	1.8229400000000002	1.6321907886899998	-998	-998	-998
500000	0.0	3.69191	1.28881	1.44741	1.63977833713	-998	-998	-998
500000	1.189849	4.43751	2.29034	1.50082	1.6549534340099998	-998	-998	-998
500000	0.0	3.13992	1.73806	2.19575	1.68530362776	-998	-998	-998
500000	-0.09866799999999999	3.15279	1.37804	2.2082	1.60942814338	-998	-998	-998
500000	-0.136285	4.55586	1.76962	2.51002	1.51079001368	-998	-998	-998
500000	0.0	4.94155	2.76009	2.58453	1.4349145293	-998	-998	-998
500000	-0.294777	4.752269999999999	2.24923	1.19755	1.5487277558700001	-998	-998	-998
500000	-0.555954	4.73182	2.12469	1.4732399999999999	1.6321907886899998	-998	-998	-998
500000	-0.227883	3.3277099999999997	0.812476	2.01329	1.6928911762	-998	-998	-998
500000	0.054799	4.56424	2.19723	2.23818	1.73841646683	-998	-998	-998
500000	0.35349899999999995	3.2696099999999997	1.56361	1.20797	1.5032024652399998	-998	-998	-998
500000	-0.135178	4.52019	2.1886400000000004	2.8399099999999997	1.60942814338	-998	-998	-998
500000	0.0	4.3669	2.451	0.104048	1.56390285275	-998	-998	-998
500000	-0.27063000000000004	4.14027	2.03425	2.6844900000000003	1.67012853088	-998	-998	-998
500000	0.328529	3.20688	1.4468	1.86346	1.55631530431	-998	-998	-998
500000	-0.09586599999999999	4.68631	2.18771	1.09946	1.4197394324200001	-998	-998	-998
500000	0.971295	2.75644	2.13235	1.61008	1.5183775621200002	-998	-998	-998
500000	0.382458	3.5835	2.54422	0.0415996	1.54114020743	-998	-998	-998
500000	-0.795136	5.24705	3.24154	1.45868	1.67771607932	-998	-998	-998
500000	0.0	3.7991099999999998	1.1401700000000001	1.47222	1.51079001368	-998	-998	-998
500000	-0.0135	3.50331	1.24004	2.7526200000000003	1.6928911762	-998	-998	-998
500000	-0.579512	4.15115	2.72653	1.06395	1.6625409824500001	-998	-998	-998
500000	0.0	4.59296	2.6656	2.15061	1.61701569182	-998	-998	-998
500000	0.090802	3.4741699999999995	1.83578	1.91057	1.46526472305	-998	-998	-998
500000	-0.128126	5.7186699999999995	3.8103300000000004	0.858611	1.07071220426	-998	-998	-998
500000	0.364151	4.0179599999999995	2.90623	0.5442060000000001	1.54114020743	-998	-998	-998
500000	-0.149303	4.0770599999999995	2.87108	2.3486599999999997	1.6928911762	-998	-998	-998
500000	-0.141104	6.10008	3.0847900000000004	2.28586	1.8522296934	-998	-998	-998
500000	0.0	4.8832	1.5743	2.781	1.48802736837	-998	-998	-998
500000	0.0	3.8609	1.8605200000000002	2.2488200000000003	1.48043981993	-998	-998	-998
500000	1.407432	3.87931	2.0253200000000002	0.808016	1.5032024652399998	-998	-998	-998
500000	0.0	4.07219	2.50296	0.819635	1.71565382151	-998	-998	-998
500000	-0.13388599999999998	4.76989	2.2927400000000002	1.86798	1.6321907886899998	-998	-998	-998
500000	-0.15098	5.08295	2.63483	2.89873	1.73841646683	-998	-998	-998
500000	-0.739136	3.9611099999999997	1.7253599999999998	1.81276	1.6473658855700002	-998	-998	-998
500000	-0.44667799999999996	3.5446	1.46381	2.74268	1.80670440277	-998	-998	-998
500000	-0.228804	3.5389199999999996	1.7398799999999999	0.101814	1.7763542090200002	-998	-998	-998
500000	0.0	4.78691	2.4574700000000003	0.2664	1.5183775621200002	-998	-998	-998
500000	0.0	6.42485	3.15207	2.17691	1.5183775621200002	-998	-998	-998
500000	-0.35041500000000003	3.64702	2.54584	0.5302	1.56390285275	-998	-998	-998
500000	1.9639380000000002	4.49073	2.63322	1.4468299999999998	1.6625409824500001	-998	-998	-998
500000	-0.502854	3.4037800000000002	1.03462	2.1800599999999997	1.40456433554	-998	-998	-998
500000	-0.44486099999999995	3.8210800000000003	2.12376	1.14046	1.6625409824500001	-998	-998	-998
500000	-0.298265	5.07825	2.61052	2.78478	1.73082891839	-998	-998	-998
500000	-0.061012000000000004	4.02237	2.44421	2.18986	1.45767717461	-998	-998	-998
500000	0.301748	3.8315699999999997	1.80309	1.8778700000000002	1.5259651105599998	-998	-998	-998
500000	0.0	4.527480000000001	2.805	2.82837	1.63977833713	-998	-998	-998
500000	0.768853	4.03255	2.2596	2.16547	1.71565382151	-998	-998	-998
500000	0.157247	3.72868	0.8191390000000001	1.6262	1.42732698086	-998	-998	-998
500000	0.540623	5.4233400000000005	3.00717	2.41047	1.67771607932	-998	-998	-998
500000	0.0	4.37775	2.2883400000000003	0.8675700000000001	1.5183775621200002	-998	-998	-998
500000	-0.087719	4.896780000000001	2.37394	2.2717400000000003	1.5942530465	-998	-998	-998
500000	0.9496870000000001	3.47643	1.3841299999999999	2.2338299999999998	1.55631530431	-998	-998	-998
500000	1.175671	4.2827	1.9779	2.53685	1.6473658855700002	-998	-998	-998
500000	0.437615	3.68431	2.4521900000000003	2.4043200000000002	1.6018405949399999	-998	-998	-998
500000	0.948031	3.4483800000000002	1.61845	1.06679	1.6018405949399999	-998	-998	-998
500000	0.0	5.05481	2.6419099999999998	1.79309	1.6625409824500001	-998	-998	-998
500000	-0.091632	4.5212699999999995	2.48622	1.3630200000000001	1.57907794962	-998	-998	-998
500000	1.0056049999999999	5.1853	2.2680000000000002	2.64122	1.48043981993	-998	-998	-998
500000	2.805946	3.4177400000000002	1.67402	1.6023	1.60942814338	-998	-998	-998
500000	0.9320809999999999	4.60412	3.1736	2.00454	1.6473658855700002	-998	-998	-998
500000	-0.196432	3.5539300000000003	2.49523	-0.534049	0.44853323232299996	-998	-998	-998
500000	-0.455574	4.56625	1.96137	1.35601	1.44250207774	-998	-998	-998
500000	0.11189500000000001	3.14479	1.67492	1.12846	1.61701569182	-998	-998	-998
500000	1.057668	4.338769999999999	2.05206	1.4691	1.46526472305	-998	-998	-998
500000	-0.257652	4.22755	1.6658400000000002	2.19788	1.6928911762	-998	-998	-998
500000	2.007175	3.4987199999999996	1.01314	2.5243	1.63977833713	-998	-998	-998
500000	-0.728958	5.21454	3.03016	2.41946	1.56390285275	-998	-998	-998
500000	-0.279917	3.43981	1.60805	1.07155	1.6018405949399999	-998	-998	-998
500000	1.347715	3.12851	1.1892	2.03539	1.60942814338	-998	-998	-998
500000	0.0	5.40982	3.02608	1.24724	1.6246032402500001	-998	-998	-998
500000	0.0	4.778969999999999	2.28943	0.44486899999999996	1.6473658855700002	-998	-998	-998
500000	0.6341600000000001	4.4254	2.67008	1.73322	1.55631530431	-998	-998	-998
500000	-0.30402199999999996	3.6890400000000003	1.18414	1.85152	1.60942814338	-998	-998	-998
500000	-0.302797	3.9911300000000005	2.01506	1.2766600000000001	1.56390285275	-998	-998	-998
500000	0.0	4.34164	1.74311	1.73948	1.68530362776	-998	-998	-998
500000	-0.44751599999999997	3.79699	1.0829	2.27913	1.48043981993	-998	-998	-998
500000	-0.563127	5.18072	3.5923800000000004	1.3708799999999999	1.7763542090200002	-998	-998	-998
500000	1.231079	3.6951199999999997	2.22973	0.334742	1.6018405949399999	-998	-998	-998
500000	0.8525370000000001	3.99575	2.0800099999999997	2.02133	1.57149040119	-998	-998	-998
500000	2.6065549999999997	3.9944599999999997	1.7031599999999998	2.69944	1.6928911762	-998	-998	-998
500000	0.080135	3.1080400000000004	1.14739	1.14295	1.6018405949399999	-998	-998	-998
500000	0.0	3.86366	1.23015	2.69274	1.5335526590000002	-998	-998	-998
500000	-0.309813	5.12282	2.21117	1.9180400000000002	1.70047872464	-998	-998	-998
500000	1.2235200000000002	2.8691299999999997	1.32145	1.72632	1.58666549806	-998	-998	-998
500000	0.877058	4.8661	1.9212900000000002	2.44587	1.6321907886899998	-998	-998	-998
500000	0.0	4.01415	1.66445	2.4547	1.5335526590000002	-998	-998	-998
500000	0.903749	4.52952	2.85121	1.47348	1.4956149168000001	-998	-998	-998
500000	0.0	4.86154	2.50457	1.9202299999999999	1.54114020743	-998	-998	-998
500000	0.616917	4.2167699999999995	2.3056799999999997	1.87832	1.4956149168000001	-998	-998	-998
500000	1.470468	2.03828	0.212484	1.9955900000000002	1.42732698086	-998	-998	-998
500000	-0.084913	4.48982	2.30084	2.74315	1.57907794962	-998	-998	-998
500000	-0.144341	4.8339	3.1612	-0.892339	0.224700553394	-998	-998	-998
500000	-0.14718599999999998	3.6508300000000005	2.2660099999999996	1.61976	1.6246032402500001	-998	-998	-998
500000	0.6977369999999999	4.8677	3.13329	0.901684	1.5183775621200002	-998	-998	-998
500000	0.0	3.9580699999999998	1.7826400000000002	1.69737	1.4956149168000001	-998	-998	-998
500000	-0.142768	4.115130000000001	2.21628	1.59443	1.68530362776	-998	-998	-998
500000	0.0	4.5736	2.42908	1.60146	1.6246032402500001	-998	-998	-998
500000	0.015062	5.81461	3.5379400000000003	3.0226599999999997	1.73841646683	-998	-998	-998
500000	1.459692	5.34708	2.84213	2.08914	1.6549534340099998	-998	-998	-998
500000	-0.29843200000000003	4.99108	2.66125	1.9571900000000002	1.5942530465	-998	-998	-998
500000	-0.151593	3.2025200000000003	1.05703	2.32176	1.5487277558700001	-998	-998	-998
500000	-0.140229	5.76746	3.04976	2.89909	1.71565382151	-998	-998	-998
500000	1.519491	3.71719	1.83483	1.35566	1.6018405949399999	-998	-998	-998
500000	-0.589479	4.4622	1.5575700000000001	2.62554	1.67012853088	-998	-998	-998
500000	-0.15224300000000002	5.49426	2.92026	2.66033	1.70047872464	-998	-998	-998
500000	-0.011886	4.14581	2.64958	1.53754	1.5259651105599998	-998	-998	-998
500000	0.0	3.7067	2.94107	-0.557275	0.528202490925	-998	-998	-998
500000	-0.188096	5.36005	2.9774599999999998	1.40523	1.8294670480900002	-998	-998	-998
500000	1.0986360000000002	4.48361	1.5687200000000001	1.6115	1.5183775621200002	-998	-998	-998
500000	-0.082118	6.3244	3.09972	2.7027900000000002	1.6928911762	-998	-998	-998
500000	-0.379422	5.12796	3.15136	0.685929	1.5183775621200002	-998	-998	-998
500000	0.22888699999999998	3.90789	1.88917	1.7599	1.6928911762	-998	-998	-998
500000	-0.29557100000000003	3.57536	1.5472700000000001	1.8776700000000002	1.71565382151	-998	-998	-998
500000	0.0	4.63929	2.4569900000000002	-0.0927877	1.4956149168000001	-998	-998	-998
500000	-0.346477	4.60668	1.8513099999999998	2.25197	1.6928911762	-998	-998	-998
500000	1.4003860000000001	4.9549199999999995	2.80183	2.3006	1.5259651105599998	-998	-998	-998
500000	1.171383	5.33044	3.31356	1.00032	1.57907794962	-998	-998	-998
500000	-0.681005	4.0623	1.8499700000000001	2.86899	1.56390285275	-998	-998	-998
500000	0.0	3.6240699999999997	1.0791	2.10075	1.48802736837	-998	-998	-998
500000	3.735035	5.8358300000000005	2.4812	2.32125	1.5487277558700001	-998	-998	-998
500000	-0.27314499999999997	5.52466	2.13342	3.50127	1.6246032402500001	-998	-998	-998
500000	0.766367	4.88665	2.72968	1.07813	1.48043981993	-998	-998	-998
500000	-0.045467	4.22415	1.54262	1.3254700000000001	1.3438639480399999	-998	-998	-998
500000	0.0	4.007219999999999	0.773668	2.54849	1.4956149168000001	-998	-998	-998
500000	-0.172601	4.935309999999999	1.95242	2.09964	1.40456433554	-998	-998	-998
500000	-0.29899699999999996	5.54176	2.13956	2.47927	1.4349145293	-998	-998	-998
500000	0.546088	4.3168	1.77748	1.22926	1.18452543083	-998	-998	-998
500000	-0.385873	5.189830000000001	2.4549	0.6559229999999999	1.46526472305	-998	-998	-998
500000	-0.300794	5.44953	1.5558299999999998	2.10968	1.63977833713	-998	-998	-998
500000	1.2132969999999998	4.92483	1.8930099999999999	1.93196	1.5942530465	-998	-998	-998
500000	0.273877	4.97029	3.0200299999999998	0.243364	1.20728807615	-998	-998	-998
500000	-0.254148	5.4808	2.60648	1.7468599999999999	1.71565382151	-998	-998	-998
500000	-0.456646	3.47928	1.9240700000000002	1.4130200000000002	1.16935033396	-998	-998	-998
500000	0.0	5.3302	2.27852	3.79651	1.70047872464	-998	-998	-998
500000	0.723409	4.1974599999999995	1.22033	3.3086599999999997	1.56390285275	-998	-998	-998
500000	-0.44649799999999995	4.85455	1.67042	2.31733	1.38180169023	-998	-998	-998
500000	-0.167578	5.17957	2.23081	3.11603	1.5942530465	-998	-998	-998
500000	-0.14566300000000001	4.73013	1.75847	1.86742	1.5335526590000002	-998	-998	-998
500000	-0.09715399999999999	3.6821599999999997	2.05334	0.183443	1.1617627855200001	-998	-998	-998
500000	-0.205102	4.79315	2.13573	2.6059200000000002	1.38180169023	-998	-998	-998
500000	0.0	3.17825	1.34752	1.7718599999999998	1.0782997527	-998	-998	-998
500000	0.875166	5.60467	1.49832	4.134440000000001	1.7611791121400002	-998	-998	-998
500000	-0.15224300000000002	5.02464	1.78814	3.6577699999999997	1.63977833713	-998	-998	-998
500000	-0.14818800000000001	3.71538	1.1454	0.758588	1.32868885116	-998	-998	-998
500000	0.0	4.609030000000001	1.89802	3.11159	1.55631530431	-998	-998	-998
500000	-0.07349800000000001	3.54282	1.92772	-1.18307	0.8430857511130001	-998	-998	-998
500000	3.8362760000000002	5.12643	2.2501700000000002	2.5705400000000003	1.3893892386700002	-998	-998	-998
500000	-0.37657199999999996	6.17914	2.5923700000000003	2.87475	1.67771607932	-998	-998	-998
500000	-0.389544	4.92966	2.06492	2.98219	1.4956149168000001	-998	-998	-998
500000	2.038612	2.60129	1.6245399999999999	0.0515855	0.706509879224	-998	-998	-998
500000	0.56333	5.90445	2.92004	4.07482	1.87499233872	-998	-998	-998
500000	1.5060360000000002	5.07241	2.5982	2.65855	1.4956149168000001	-998	-998	-998
500000	0.790849	6.59852	2.67693	2.19749	1.45767717461	-998	-998	-998
500000	-0.7486149999999999	4.8057300000000005	0.808707	2.4262900000000003	1.58666549806	-998	-998	-998
500000	-0.110516	4.40132	1.382	2.98358	1.75359156371	-998	-998	-998
500000	-0.250139	5.00981	2.9205099999999997	1.48655	1.42732698086	-998	-998	-998
500000	-0.053437	5.65214	2.9375	2.03685	1.3893892386700002	-998	-998	-998
500000	0.0	2.01002	-0.325945	1.34376	0.94172388081	-998	-998	-998
500000	0.5488649999999999	5.74403	3.44	0.6209479999999999	1.3438639480399999	-998	-998	-998
500000	0.068129	5.73522	2.8049	2.23782	1.5942530465	-998	-998	-998
500000	0.058487	4.483619999999999	1.84352	-1.00593	0.7899729120450001	-998	-998	-998
500000	-0.476969	5.4635	2.25042	0.32645	1.27557601209	-998	-998	-998
500000	0.0	3.5215300000000003	1.63163	2.18763	1.6473658855700002	-998	-998	-998
500000	-0.092226	5.2605	2.44987	2.48991	1.44250207774	-998	-998	-998
500000	-0.15217	4.99934	1.48463	0.96091	1.22246317303	-998	-998	-998
500000	-0.405779	6.677239999999999	3.17117	3.3083400000000003	1.6246032402500001	-998	-998	-998
500000	-0.389403	3.24079	1.37432	0.05857280000000001	0.744447621415	-998	-998	-998
500000	-0.26111100000000004	5.42695	2.80318	-0.825559	1.07071220426	-998	-998	-998
500000	0.732916	2.65709	0.124627	2.36307	1.1617627855200001	-998	-998	-998
500000	-0.16172999999999998	4.7487900000000005	1.85142	2.07036	1.58666549806	-998	-998	-998
500000	-0.16613699999999998	6.07394	2.9637700000000002	4.1494599999999995	1.56390285275	-998	-998	-998
500000	-0.147628	5.27144	2.82281	2.19481	1.48043981993	-998	-998	-998
500000	-0.37029	4.59287	1.58299	0.339223	1.2528133667799999	-998	-998	-998
500000	0.0	2.50161	1.12646	0.750005	1.10864994645	-998	-998	-998
500000	0.386842	5.49884	2.64373	1.0851600000000001	1.45008962617	-998	-998	-998
500000	-0.486004	3.70848	1.08265	1.51434	0.994836719878	-998	-998	-998
500000	-0.187156	4.632619999999999	1.51714	2.12303	1.29833865741	-998	-998	-998
500000	0.659142	4.26589	3.0315	-0.033732	1.27178223787	-998	-998	-998
500000	0.0	3.99307	1.1360299999999999	2.43601	1.37421414179	-998	-998	-998
500000	0.60707	4.36802	1.8072099999999998	1.81791	1.3666265933500001	-998	-998	-998
500000	0.0	6.00707	3.0482099999999996	2.33376	1.5183775621200002	-998	-998	-998
500000	0.0	5.34126	2.29966	-1.03869	1.35903904492	-998	-998	-998
500000	-0.143337	5.6576900000000006	1.94806	2.1893	1.2831635605299998	-998	-998	-998
500000	-0.15199300000000002	3.5870699999999998	1.36584	1.08287	1.19211297927	-998	-998	-998
500000	-0.145504	5.89538	2.71409	1.50573	1.4349145293	-998	-998	-998
500000	0.0	4.4786	2.5832599999999997	1.40893	1.41215188398	-998	-998	-998
500000	-0.359091	3.15428	0.5616720000000001	1.40734	1.51079001368	-998	-998	-998
500000	-0.293633	5.15859	2.2067	0.6728069999999999	1.29833865741	-998	-998	-998
500000	-0.832599	2.53799	1.03611	1.53856	1.5259651105599998	-998	-998	-998
500000	-1.321755	4.06344	1.3276700000000001	1.56903	1.0858873011399999	-998	-998	-998
500000	-0.00403	4.3632599999999995	2.14147	-0.51877	1.06312465582	-998	-998	-998
500000	-0.296225	5.16297	2.27399	1.89631	1.32110130272	-998	-998	-998
500000	-0.131519	2.72507	0.440824	2.28075	1.2148756245899999	-998	-998	-998
500000	-0.7050069999999999	5.2931099999999995	3.08738	1.6964599999999999	1.58666549806	-998	-998	-998
500000	3.2240990000000003	4.082319999999999	0.5829	2.474	1.2907511089700001	-998	-998	-998
500000	0.0	3.7622800000000005	1.55625	1.80771	1.5183775621200002	-998	-998	-998
500000	3.7800599999999998	4.73606	2.3371299999999997	0.887649	1.20728807615	-998	-998	-998
500000	4.388251	4.1662	1.9106599999999998	2.1509400000000003	1.6549534340099998	-998	-998	-998
500000	-0.15224200000000002	5.53753	1.4429100000000001	2.49607	1.39697678711	-998	-998	-998
500000	0.28374699999999997	5.17331	2.73066	2.42098	1.46526472305	-998	-998	-998
500000	-0.26124400000000003	4.07592	2.3152	-0.590266	1.23005072146	-998	-998	-998
500000	-0.052623	5.010190000000001	2.86312	1.85845	1.48802736837	-998	-998	-998
500000	-0.304154	5.08146	2.5013799999999997	0.8316379999999999	1.32110130272	-998	-998	-998
500000	-0.30298	5.05774	2.71023	1.33349	1.3438639480399999	-998	-998	-998
500000	0.0	3.87667	0.9154329999999999	0.661849	1.19211297927	-998	-998	-998
500000	-0.18684800000000001	6.47222	2.69082	1.46507	1.29833865741	-998	-998	-998
500000	-0.569769	4.96782	1.94785	0.579867	1.22246317303	-998	-998	-998
500000	-0.125868	5.68243	2.26721	1.43351	1.3666265933500001	-998	-998	-998
500000	-0.1505	4.71137	1.8576599999999999	2.4976	1.4197394324200001	-998	-998	-998
500000	-0.274588	5.52781	2.13322	-0.116552	1.2604009152200002	-998	-998	-998
500000	-0.30298600000000003	5.25633	2.11041	1.87365	1.45767717461	-998	-998	-998
500000	1.039361	5.04887	2.1297	1.13532	1.31351375429	-998	-998	-998
500000	2.499053	2.7728200000000003	0.0385348	0.639155	1.32868885116	-998	-998	-998
500000	-0.45543500000000003	4.656280000000001	1.78292	2.25441	1.45767717461	-998	-998	-998
500000	-0.40136700000000003	4.934130000000001	2.02917	0.0995443	1.0479495589499999	-998	-998	-998
500000	-0.152265	3.60426	1.47243	2.38103	1.32110130272	-998	-998	-998
500000	-0.152265	4.58579	2.3151900000000003	1.72225	1.48802736837	-998	-998	-998
500000	2.624802	5.53578	2.23564	0.588487	1.31351375429	-998	-998	-998
500000	0.652833	5.38911	2.7902400000000003	1.81446	1.46526472305	-998	-998	-998
500000	3.657253	4.11036	1.9055900000000001	-0.519717	1.0327744620700001	-998	-998	-998
500000	0.0	4.76241	1.58019	1.4890299999999999	1.38180169023	-998	-998	-998
500000	-0.297145	5.03543	2.0437	0.560822	1.13141259177	-998	-998	-998
500000	0.470322	5.77508	3.23941	1.75849	1.45767717461	-998	-998	-998
500000	-0.44821400000000006	4.78661	2.17577	2.84611	1.3666265933500001	-998	-998	-998
500000	-0.470944	4.659330000000001	1.71557	2.7941	1.48802736837	-998	-998	-998
500000	-0.159249	4.69705	1.2583600000000001	2.11997	1.4956149168000001	-998	-998	-998
500000	0.798607	3.2951699999999997	1.23056	0.5738449999999999	0.903786138619	-998	-998	-998
500000	2.0177259999999997	3.63021	0.670434	2.1947799999999997	1.29833865741	-998	-998	-998
500000	-0.07177599999999999	6.30019	3.14404	1.1824700000000001	1.35903904492	-998	-998	-998
500000	2.401004	4.97141	2.88394	0.779556	1.0782997527	-998	-998	-998
500000	-0.207963	4.13143	1.25807	0.37256300000000003	1.32110130272	-998	-998	-998
500000	-0.11549100000000001	4.70271	2.22458	-0.766016	1.00242426832	-998	-998	-998
500000	0.0	3.86255	1.3537299999999999	0.115665	1.2528133667799999	-998	-998	-998
500000	0.0	5.1144300000000005	2.58133	1.4228100000000001	1.44250207774	-998	-998	-998
500000	-0.456963	4.92939	1.87205	0.24866999999999997	1.0327744620700001	-998	-998	-998
500000	0.690355	3.1676900000000003	0.52949	2.65352	1.35903904492	-998	-998	-998
500000	0.171729	5.0709800000000005	1.60922	0.17651	1.2528133667799999	-998	-998	-998
500000	-0.456082	5.12629	1.90115	3.10913	1.4349145293	-998	-998	-998
500000	0.9582709999999999	5.07946	2.3064	2.31493	1.2604009152200002	-998	-998	-998
500000	0.050123	4.77221	2.11095	1.2598799999999999	1.29833865741	-998	-998	-998
500000	-0.400636	5.54286	1.8419400000000001	0.282449	1.10864994645	-998	-998	-998
500000	-0.5634859999999999	4.9836	2.14918	2.1230700000000002	1.42732698086	-998	-998	-998
500000	0.0	5.16629	1.7514599999999998	0.173974	1.05553710738	-998	-998	-998
500000	1.1063020000000001	4.5239400000000005	1.65461	1.68642	1.45767717461	-998	-998	-998
500000	0.013718000000000001	6.14987	2.6894299999999998	1.46999	1.42732698086	-998	-998	-998
500000	-0.13555599999999998	4.37954	1.77978	1.19221	1.4197394324200001	-998	-998	-998
500000	-0.548369	3.63228	1.1309	1.05024	1.13141259177	-998	-998	-998
500000	-0.347719	3.85563	1.8305200000000001	1.17265	1.27557601209	-998	-998	-998
500000	-0.28117800000000004	5.02415	2.39647	1.56352	1.19970052771	-998	-998	-998
500000	0.532279	6.18561	3.38979	-0.42816000000000004	1.2528133667799999	-998	-998	-998
500000	0.33013000000000003	3.3328300000000004	0.8732120000000001	0.670661	0.956898977687	-998	-998	-998
500000	0.146463	5.34793	1.7356599999999998	-0.268565	1.19211297927	-998	-998	-998
500000	-0.139342	4.69409	2.21969	1.66881	1.3893892386700002	-998	-998	-998
500000	-0.242579	2.48175	-0.119474	1.54823	1.23005072146	-998	-998	-998
500000	0.8100470000000001	5.42444	3.07737	1.6903599999999999	1.5032024652399998	-998	-998	-998
500000	0.0	5.50028	2.5606299999999997	3.49687	2.14055653406	-998	-998	-998
500000	1.58207	4.96737	2.01867	3.00759	2.14055653406	-998	-998	-998
500000	0.0	6.01668	3.23916	3.7510000000000003	2.3150701481400002	-998	-998	-998
500000	-0.29775999999999997	4.831180000000001	2.8010900000000003	2.53057	2.19366937312	-998	-998	-998
500000	-0.302006	3.90671	2.10829	1.50952	2.23919466375	-998	-998	-998
500000	2.249114	6.89049	3.9601300000000004	3.4554	2.1329689856200003	-998	-998	-998
500000	0.100524	5.753080000000001	3.56486	3.4329	2.23919466375	-998	-998	-998
500000	-0.132433	5.53137	3.13789	2.18265	1.98880556529	-998	-998	-998
500000	-0.289429	4.63552	2.55056	3.19427	2.07985614655	-998	-998	-998
500000	-0.45565600000000006	5.380780000000001	3.01518	2.2540299999999998	1.9053425324700002	-998	-998	-998
500000	-0.12016800000000001	4.43435	2.2835400000000003	1.94103	1.6549534340099998	-998	-998	-998
500000	0.190625	4.97487	2.1778	1.23472	1.38180169023	-998	-998	-998
500000	0.9244469999999999	3.2427799999999998	1.36588	0.0424846	1.55631530431	-998	-998	-998
500000	-0.151726	4.96462	2.65567	3.1854	1.9129300809099998	-998	-998	-998
500000	2.049528	6.47864	3.71611	3.12351	2.3074825997	-998	-998	-998
500000	0.583596	5.38604	2.10011	2.77429	2.20884447	-998	-998	-998
500000	0.299344	4.33574	2.64167	2.39359	2.35300789033	-998	-998	-998
500000	0.046383	5.59377	2.9156400000000002	3.3609	2.1102063403	-998	-998	-998
500000	0.21780500000000003	4.94815	2.388	2.46371	2.1481440825	-998	-998	-998
500000	0.763896	6.08054	3.5289099999999998	3.10712	2.26195730907	-998	-998	-998
500000	0.10824	4.88983	2.2389900000000003	3.2600700000000002	1.8294670480900002	-998	-998	-998
500000	0.0	4.97855	2.65842	3.1478099999999998	1.96604291998	-998	-998	-998
500000	0.00868	2.9041099999999997	1.75459	2.92218	2.26195730907	-998	-998	-998
500000	0.0	4.06064	2.18777	3.88626	2.22401956688	-998	-998	-998
500000	-0.30445900000000004	3.23345	1.30226	-0.43943699999999997	0.865848396428	-998	-998	-998
500000	-0.155124	6.16673	3.4452599999999998	3.6727300000000005	2.19366937312	-998	-998	-998
500000	0.904317	5.400519999999999	2.81602	3.1846900000000002	2.36059543877	-998	-998	-998
500000	0.003693	3.88527	1.9619	2.74283	1.9508678231	-998	-998	-998
500000	-0.8733120000000001	4.99556	2.48981	2.97281	2.06468104967	-998	-998	-998
500000	0.0	4.114809999999999	1.95197	2.4201799999999998	1.86740479028	-998	-998	-998
500000	-0.18099	4.60618	1.6953200000000002	3.07815	1.99639311373	-998	-998	-998
500000	2.461474	6.20306	3.70085	3.5003900000000003	2.07985614655	-998	-998	-998
500000	0.176525	5.94913	3.16229	3.8645699999999996	2.25436976063	-998	-998	-998
500000	0.386863	6.153169999999999	3.51099	4.15245	2.3150701481400002	-998	-998	-998
500000	1.234402	6.884510000000001	3.46147	4.23716	2.17849427625	-998	-998	-998
500000	0.0	5.88454	2.98924	3.7728300000000004	2.07226859811	-998	-998	-998
500000	0.731275	4.69883	2.94469	2.6901599999999997	1.57149040119	-998	-998	-998
500000	0.0	3.77625	1.18061	2.30985	2.1329689856200003	-998	-998	-998
500000	1.63362	3.7109400000000003	1.22221	3.46622	2.22401956688	-998	-998	-998
500000	0.0	3.32841	1.30491	2.99309	2.23160711532	-998	-998	-998
500000	-0.774829	4.06816	1.5841	2.9967900000000003	2.00398066217	-998	-998	-998
500000	1.563592	6.29591	3.3179300000000005	2.93879	2.18608182469	-998	-998	-998
500000	-0.151053	4.66601	2.10574	2.9401599999999997	2.06468104967	-998	-998	-998
500000	-0.098643	6.850439999999999	3.8563699999999996	3.8171	2.34542034189	-998	-998	-998
500000	0.0	4.07944	2.8099	1.3781700000000001	1.76876666058	-998	-998	-998
500000	1.080657	5.44799	3.3319	3.4330000000000003	2.29989505126	-998	-998	-998
500000	0.0	6.0349699999999995	2.46334	4.647930000000001	2.02674330748	-998	-998	-998
500000	0.0	3.40125	1.55372	2.4980599999999997	2.07985614655	-998	-998	-998
500000	0.024465999999999998	4.85029	2.46603	2.90594	2.16331917937	-998	-998	-998
500000	0.0	3.4015199999999997	1.98889	3.23041	2.18608182469	-998	-998	-998
500000	0.0	3.4663199999999996	1.91218	3.2467200000000003	2.3150701481400002	-998	-998	-998
500000	0.446723	5.97275	4.254	4.050269999999999	2.4061207294	-998	-998	-998
500000	0.0	4.6524	2.42263	2.08511	2.2012569215599997	-998	-998	-998
500000	1.086532	5.84825	3.3740699999999997	2.8338099999999997	2.2771324059499998	-998	-998	-998
500000	-0.279479	5.54631	3.52112	3.6553400000000003	2.11779388874	-998	-998	-998
500000	0.0	3.79541	1.5378	2.1836599999999997	2.32265769658	-998	-998	-998
500000	0.24344000000000002	6.10585	2.66984	2.52713	1.6321907886899998	-998	-998	-998
500000	0.0	4.76844	2.009	3.89362	2.3150701481400002	-998	-998	-998
500000	-0.666025	3.7026	1.27176	2.99785	1.9584553715400002	-998	-998	-998
500000	-0.012145999999999999	5.52426	3.27182	1.8791200000000001	1.6928911762	-998	-998	-998
500000	-0.232971	5.53564	3.0060599999999997	3.4062	2.02674330748	-998	-998	-998
500000	0.8431569999999999	5.96442	3.18265	4.17218	2.41370827783	-998	-998	-998
500000	-0.33017199999999997	6.165719999999999	4.09488	3.10206	2.28471995438	-998	-998	-998
500000	7.127989	5.06796	3.5416199999999995	3.1867	2.42129582627	-998	-998	-998
500000	1.178564	4.91645	1.96901	2.0857099999999997	1.97363046841	-998	-998	-998
500000	-0.304098	3.9740699999999998	1.7684099999999998	3.52524	2.25436976063	-998	-998	-998
500000	-0.15216	3.46875	1.56416	2.10363	2.36059543877	-998	-998	-998
500000	0.549584	4.65217	1.9458099999999998	2.5969900000000004	1.94328027466	-998	-998	-998
500000	-0.16062	5.43809	3.04193	3.31315	2.12538143718	-998	-998	-998
500000	-0.289273	4.8099300000000005	2.81472	3.4761	2.23919466375	-998	-998	-998
500000	-0.278269	5.05042	2.3181	2.80608	2.1102063403	-998	-998	-998
500000	0.842722	4.38636	2.48731	1.8474	2.2771324059499998	-998	-998	-998
500000	-0.14510399999999998	6.24774	2.99257	1.83149	2.09503124343	-998	-998	-998
500000	0.626359	6.06996	3.35488	3.29932	2.06468104967	-998	-998	-998
500000	2.002186	5.02234	1.89717	3.59405	2.3681829872	-998	-998	-998
500000	-0.562512	5.490559999999999	2.62452	1.1123100000000001	1.4349145293	-998	-998	-998
500000	-0.044301	4.565980000000001	2.35603	2.98767	1.97363046841	-998	-998	-998
500000	-0.04866	4.89882	2.00385	3.34329	1.99639311373	-998	-998	-998
500000	0.0	3.95926	2.07603	3.32614	2.29230750282	-998	-998	-998
500000	0.0	5.057930000000001	2.27767	3.7236599999999997	2.21643201844	-998	-998	-998
500000	0.634305	5.96139	3.2143599999999997	2.5045	1.48802736837	-998	-998	-998
500000	2.822178	5.39157	2.46105	3.11747	2.11779388874	-998	-998	-998
500000	0.50783	6.290030000000001	3.74926	3.27149	2.32265769658	-998	-998	-998
500000	0.0	4.14343	1.54939	4.18644	2.3909456325200003	-998	-998	-998
500000	-0.152266	3.86745	1.44116	3.19524	2.1329689856200003	-998	-998	-998
500000	5.447497	3.64679	1.40221	3.64474	2.2695448575099997	-998	-998	-998
500000	0.761969	6.0972800000000005	2.45725	2.91322	1.80670440277	-998	-998	-998
500000	-0.257703	5.06548	2.34423	3.4104300000000003	2.1329689856200003	-998	-998	-998
500000	0.8672040000000001	4.01396	2.24848	2.55531	2.1329689856200003	-998	-998	-998
500000	-0.125642	5.08328	2.61422	2.8759	1.99639311373	-998	-998	-998
500000	1.2752139999999998	5.77327	3.76345	4.36687	2.29989505126	-998	-998	-998
500000	-0.570172	6.11258	3.9149199999999995	4.0389800000000005	2.20884447	-998	-998	-998
500000	1.215035	4.84012	2.6656	2.9668799999999997	2.20884447	-998	-998	-998
500000	1.483295	4.9900199999999995	3.3009	1.5095299999999998	2.20884447	-998	-998	-998
500000	0.332839	4.76883	2.85475	1.95059	1.85981724184	-998	-998	-998
500000	1.024311	5.88912	3.0522400000000003	2.21601	2.0495059528	-998	-998	-998
500000	-0.304043	3.77043	2.07199	2.9783	2.09503124343	-998	-998	-998
500000	0.223927	4.26256	2.3337	2.9946599999999997	2.21643201844	-998	-998	-998
500000	0.726036	5.57958	3.36018	2.65991	2.0495059528	-998	-998	-998
500000	0.0	5.43358	2.98235	3.54759	2.34542034189	-998	-998	-998
500000	0.0	4.679819999999999	1.55415	2.99116	1.85981724184	-998	-998	-998
500000	-0.606805	4.4982	1.27104	4.14792	2.29989505126	-998	-998	-998
500000	-0.10925599999999999	5.16311	2.40741	3.4335400000000003	2.11779388874	-998	-998	-998
500000	0.22251500000000002	5.12412	3.02425	0.863909	1.29833865741	-998	-998	-998
500000	0.0	4.57255	1.90769	3.33892	2.0570935012400002	-998	-998	-998
500000	0.0	5.0212	1.90352	4.2812	2.08744369499	-998	-998	-998
500000	-0.6086739999999999	3.9662599999999997	1.41747	3.51246	2.0495059528	-998	-998	-998
500000	0.0	4.04715	1.99279	2.82829	2.02674330748	-998	-998	-998
500000	0.5075930000000001	5.59127	3.44099	2.67841	1.97363046841	-998	-998	-998
500000	0.545587	5.73648	2.63943	3.25829	1.6625409824500001	-998	-998	-998
500000	-0.427259	5.85456	3.7199	2.8944099999999997	2.25436976063	-998	-998	-998
500000	0.499759	5.22665	2.97963	1.88083	2.02674330748	-998	-998	-998
500000	1.732032	4.92814	3.53484	1.81702	2.17849427625	-998	-998	-998
500000	-0.249596	4.4886800000000004	2.7772	1.32691	2.0115682106099997	-998	-998	-998
500000	1.137724	6.98088	3.07868	4.30881	2.32265769658	-998	-998	-998
500000	0.0	4.98539	2.48902	2.22464	1.9508678231	-998	-998	-998
500000	-0.304371	5.380319999999999	2.1821200000000003	3.6648400000000003	2.03433085592	-998	-998	-998
500000	1.1986370000000002	5.91632	3.81397	1.68229	1.44250207774	-998	-998	-998
500000	1.451773	5.4261	3.03682	2.52184	2.19366937312	-998	-998	-998
500000	0.0	6.67944	3.41919	3.37856	2.36059543877	-998	-998	-998
500000	0.8907930000000001	4.19629	2.20729	2.47149	2.06468104967	-998	-998	-998
500000	2.9351	5.44267	2.68275	3.54484	2.10261879187	-998	-998	-998
500000	-0.234719	4.94416	2.8542799999999997	2.17272	2.25436976063	-998	-998	-998
500000	0.763311	6.28338	3.2360700000000002	4.138240000000001	2.22401956688	-998	-998	-998
500000	1.155378	3.7441400000000002	1.52027	1.41519	2.26195730907	-998	-998	-998
500000	0.068714	4.69731	2.34191	3.0904599999999998	2.10261879187	-998	-998	-998
500000	0.669248	5.58818	2.52201	3.43393	2.2467822121900003	-998	-998	-998
500000	-0.10198	4.1635599999999995	2.54855	1.1866700000000001	2.12538143718	-998	-998	-998
500000	-0.6087229999999999	4.23715	1.68518	4.47441	2.2467822121900003	-998	-998	-998
500000	0.32469699999999996	4.07716	2.49785	2.1373900000000003	1.98880556529	-998	-998	-998
500000	0.470167	5.09694	2.74778	2.00923	1.51079001368	-998	-998	-998
500000	0.327019	5.0679099999999995	3.0442299999999998	3.7433699999999996	2.42129582627	-998	-998	-998
500000	0.0	4.80392	1.62665	3.2766	2.07226859811	-998	-998	-998
500000	-0.140724	4.68125	2.41158	2.11956	1.8977549840299999	-998	-998	-998
500000	2.101855	-2.53954	-1.2350299999999999	1.7077799999999999	0.190556585422	-998	-998	-998
500000	0.0	4.34406	2.61421	0.985634	2.0115682106099997	-998	-998	-998
500000	0.0	4.66613	2.4138900000000003	3.21075	1.9584553715400002	-998	-998	-998
500000	-0.111053	4.80501	2.05618	2.35586	2.2695448575099997	-998	-998	-998
500000	-0.096948	4.51294	2.0897799999999997	3.4562800000000005	1.98121801685	-998	-998	-998
500000	-0.657456	5.66513	2.8396	3.0289	2.08744369499	-998	-998	-998
500000	-0.128636	5.38065	2.57692	3.2351400000000003	2.1481440825	-998	-998	-998
500000	-0.496449	4.93572	2.68246	3.67821	2.0115682106099997	-998	-998	-998
500000	1.49032	4.7055	2.2734099999999997	4.08014	2.37577053564	-998	-998	-998
500000	-0.150704	6.01126	3.20562	2.9814599999999998	1.9508678231	-998	-998	-998
500000	-0.29857	5.39642	3.31365	3.2044	2.3074825997	-998	-998	-998
500000	0.0	4.12895	1.37517	3.2959699999999996	2.17090672781	-998	-998	-998
500000	0.0	4.6456599999999995	1.6869999999999998	3.9525	2.2771324059499998	-998	-998	-998
500000	-0.380296	3.3595599999999997	1.89085	2.2135	2.20884447	-998	-998	-998
500000	-0.44835600000000003	3.95983	2.2221	1.39567	1.94328027466	-998	-998	-998
500000	-0.642949	4.567159999999999	3.19453	1.8700299999999999	2.08744369499	-998	-998	-998
500000	0.194107	4.56801	2.96405	3.06855	2.15573163093	-998	-998	-998
500000	0.23888800000000002	5.73805	3.5564199999999997	0.323281	1.8522296934	-998	-998	-998
500000	0.0	5.24275	2.89108	3.17951	2.15573163093	-998	-998	-998
500000	0.0	5.72161	3.8807199999999997	3.86245	2.35300789033	-998	-998	-998
500000	2.017976	4.9271400000000005	2.83953	2.60277	1.98121801685	-998	-998	-998
500000	0.8908010000000001	5.7346900000000005	3.30746	3.66353	2.18608182469	-998	-998	-998
500000	0.5133909999999999	3.3731400000000002	2.5449599999999997	3.57821	2.3681829872	-998	-998	-998
500000	-0.29134	5.48569	3.09755	4.033580000000001	2.39853318096	-998	-998	-998
500000	-0.275523	4.00075	1.55542	3.4067300000000005	1.98880556529	-998	-998	-998
500000	1.340705	4.7725599999999995	1.62452	2.7777	1.94328027466	-998	-998	-998
500000	-0.44233100000000003	5.27767	2.99453	4.0523	2.0115682106099997	-998	-998	-998
500000	0.061771000000000006	5.5122599999999995	3.7029099999999997	3.13669	2.29989505126	-998	-998	-998
500000	0.446082	4.74068	2.3206900000000004	1.98029	1.6928911762	-998	-998	-998
500000	0.0	5.4397	2.23716	2.59072	2.0570935012400002	-998	-998	-998
500000	-0.757827	4.56048	3.0855599999999996	1.26005	1.6625409824500001	-998	-998	-998
500000	1.963018	5.94641	2.5848400000000002	3.18737	2.3681829872	-998	-998	-998
500000	-0.345357	4.91617	3.03373	2.74052	2.0495059528	-998	-998	-998
500000	0.0	4.307180000000001	2.09125	3.43496	2.0570935012400002	-998	-998	-998
500000	0.525173	3.93066	1.29746	1.5177100000000001	2.23160711532	-998	-998	-998
500000	-0.437409	3.3110800000000005	1.6772	2.90993	1.98121801685	-998	-998	-998
500000	0.895431	5.4836	3.2317	2.69595	2.23160711532	-998	-998	-998
500000	0.0	5.23261	2.6438	3.4171699999999996	2.0570935012400002	-998	-998	-998
500000	3.5102010000000003	6.09475	3.0112799999999997	3.81815	2.42129582627	-998	-998	-998
500000	0.9984540000000001	5.45841	2.38801	0.955443	1.4197394324200001	-998	-998	-998
500000	-0.5655	5.14729	2.33144	2.69119	1.45767717461	-998	-998	-998
500000	-0.13512000000000002	5.3809	1.98394	1.39761	1.1617627855200001	-998	-998	-998
500000	0.072609	4.01431	1.3608	0.809417	0.911373687057	-998	-998	-998
500000	0.0	2.9624200000000003	0.9879479999999999	1.02085	0.6761596854709999	-998	-998	-998
500000	2.08398	4.44464	2.08399	0.904566	1.54114020743	-998	-998	-998
500000	-0.301135	3.68871	1.2034200000000002	1.1729	1.04036201051	-998	-998	-998
500000	0.0	3.58972	1.41091	1.09346	0.850673299551	-998	-998	-998
500000	0.794546	3.3235900000000003	0.799401	0.995597	1.23005072146	-998	-998	-998
500000	-0.542112	3.08751	1.03455	2.10373	1.04036201051	-998	-998	-998
500000	0.0	2.65728	0.499449	0.8822129999999999	0.911373687057	-998	-998	-998
500000	0.0	4.76705	1.9851299999999998	2.11498	1.5032024652399998	-998	-998	-998
500000	0.261801	2.35538	0.0349669	1.58091	0.5623464588970001	-998	-998	-998
500000	0.0	3.6311199999999997	1.42544	0.19660999999999998	0.691334782347	-998	-998	-998
500000	-0.255125	2.3852599999999997	0.631794	0.451112	0.7520351698540001	-998	-998	-998
500000	-0.500302	2.86185	1.4800200000000001	0.521896	0.850673299551	-998	-998	-998
500000	2.71762	3.99341	1.7554	0.191577	1.0858873011399999	-998	-998	-998
500000	1.860479	3.9079699999999997	1.4732399999999999	0.842111	1.0782997527	-998	-998	-998
500000	2.015299	4.14196	2.00142	-0.778816	0.835498202674	-998	-998	-998
500000	0.50417	3.8592	1.8284200000000002	0.963571	1.01759936519	-998	-998	-998
500000	0.818493	5.34506	2.1840599999999997	0.672611	1.32868885116	-998	-998	-998
500000	0.296643	4.8670800000000005	2.6534	0.6064390000000001	1.2528133667799999	-998	-998	-998
500000	0.0	3.9144699999999997	2.178	0.49766400000000005	1.10864994645	-998	-998	-998
500000	-0.556329	3.9840800000000005	1.07002	0.0724255	1.11623749489	-998	-998	-998
500000	0.27164499999999997	3.66068	1.8715700000000002	1.4098600000000001	1.42732698086	-998	-998	-998
500000	-0.07825800000000001	2.66237	0.29465	0.054155499999999995	0.615459297965	-998	-998	-998
500000	1.734089	2.93431	1.5434700000000001	-0.331332	0.59269665265	-998	-998	-998
500000	2.146481	0.190985	-0.940775	0.815973	-1.68356787883	-998	-998	-998
500000	0.479864	4.94655	1.6837900000000001	1.2191	1.05553710738	-998	-998	-998
500000	0.0	4.12375	2.1199	2.4493099999999997	1.45767717461	-998	-998	-998
500000	0.0	2.3696599999999997	0.978492	0.531506	0.6458094917180001	-998	-998	-998
500000	1.273053	4.80271	2.28726	-0.622532	0.956898977687	-998	-998	-998
500000	-0.099107	5.12386	2.1985099999999997	1.42309	1.2831635605299998	-998	-998	-998
500000	-0.150867	4.65254	1.7197200000000001	0.735826	0.903786138619	-998	-998	-998
500000	0.0	3.14635	1.0115299999999998	2.34442	1.0782997527	-998	-998	-998
500000	1.025929	4.24421	1.54053	1.01405	1.18452543083	-998	-998	-998
500000	1.274155	4.67005	1.7843099999999998	-0.162991	1.0327744620700001	-998	-998	-998
500000	-0.30094299999999996	4.97849	1.6925700000000001	3.6311400000000003	2.08744369499	-998	-998	-998
500000	0.0	6.3383400000000005	2.63687	3.80962	2.17849427625	-998	-998	-998
500000	1.470276	4.68058	2.73409	3.62806	2.19366937312	-998	-998	-998
500000	0.009547	5.562869999999999	2.2661700000000002	3.9440800000000005	2.0495059528	-998	-998	-998
500000	0.0	4.95774	2.24476	1.6686400000000001	2.1102063403	-998	-998	-998
500000	0.07799600000000001	4.98838	2.95308	3.5973300000000004	2.17849427625	-998	-998	-998
500000	-0.393334	4.25045	2.39305	1.6670900000000002	1.9129300809099998	-998	-998	-998
500000	0.0	4.0760000000000005	1.77325	2.26423	1.98121801685	-998	-998	-998
500000	-0.255326	4.59595	2.97357	2.45019	2.3074825997	-998	-998	-998
500000	0.325	6.240480000000001	3.11001	4.04135	1.98880556529	-998	-998	-998
500000	0.364115	5.26692	2.73979	3.28114	2.06468104967	-998	-998	-998
500000	0.088008	6.01882	3.14957	2.67651	2.17090672781	-998	-998	-998
500000	-0.3044	4.16184	1.38673	2.7456	2.0570935012400002	-998	-998	-998
500000	0.0	6.33956	3.4769900000000002	3.1844200000000003	2.01915575904	-998	-998	-998
500000	-0.430717	5.2411900000000005	3.0099299999999998	3.59844	2.20884447	-998	-998	-998
500000	-0.048318	6.41345	3.49873	3.8043400000000003	2.2012569215599997	-998	-998	-998
500000	-0.119474	5.88106	3.20263	3.17837	2.0570935012400002	-998	-998	-998
500000	-0.5843649999999999	6.067019999999999	2.91699	4.461119999999999	2.2695448575099997	-998	-998	-998
500000	1.297179	6.18973	4.05739	3.02736	2.33024524501	-998	-998	-998
500000	-0.281947	4.7087900000000005	2.77181	2.76947	2.17849427625	-998	-998	-998
500000	0.0	5.10821	1.95405	2.47178	2.09503124343	-998	-998	-998
500000	-0.01563	4.243130000000001	2.70852	3.6705699999999997	2.2012569215599997	-998	-998	-998
500000	-0.0036439999999999997	4.65975	2.9089	2.22895	2.17090672781	-998	-998	-998
500000	0.0	4.65083	2.26947	3.1757400000000002	1.9584553715400002	-998	-998	-998
500000	-0.450899	4.692830000000001	2.39763	2.8828099999999997	2.17849427625	-998	-998	-998
500000	1.278972	5.15014	2.9422	3.56659	2.16331917937	-998	-998	-998
500000	1.114951	4.69787	2.1991099999999997	3.96536	2.07226859811	-998	-998	-998
500000	2.009579	6.39299	3.42487	3.2316	2.03433085592	-998	-998	-998
500000	-0.265007	5.95766	3.4568	3.8159300000000003	2.17849427625	-998	-998	-998
500000	-0.13675	4.11198	2.61338	2.77652	2.01915575904	-998	-998	-998
500000	-0.152266	3.64949	1.7529700000000001	2.91424	2.07226859811	-998	-998	-998
500000	2.255666	4.79626	2.62681	2.85886	1.96604291998	-998	-998	-998
500000	-0.29186799999999996	4.83484	2.98432	2.37947	2.03433085592	-998	-998	-998
500000	0.6247739999999999	4.10931	1.96776	2.19634	1.9508678231	-998	-998	-998
500000	1.0937649999999999	5.78993	2.79083	2.61426	1.9508678231	-998	-998	-998
500000	0.202092	5.7643	2.74173	2.79703	2.00398066217	-998	-998	-998
500000	-0.14089300000000002	6.1036	3.67665	3.01684	2.3074825997	-998	-998	-998
500000	-0.139786	5.14231	2.47139	3.51646	2.2771324059499998	-998	-998	-998
500000	0.016794999999999997	4.51705	2.2410400000000004	2.40138	1.80670440277	-998	-998	-998
500000	0.0	4.32365	1.86294	2.4419	1.92051762935	-998	-998	-998
500000	-0.384702	5.30243	2.96907	2.9038	2.20884447	-998	-998	-998
500000	1.7983810000000002	5.173830000000001	2.64586	3.94095	2.15573163093	-998	-998	-998
500000	0.0	6.40236	3.86133	2.7700400000000003	2.14055653406	-998	-998	-998
500000	-0.578363	4.6313699999999995	1.76163	3.8844199999999995	2.09503124343	-998	-998	-998
500000	1.2098209999999998	5.301019999999999	3.00982	3.5612199999999996	2.09503124343	-998	-998	-998
500000	0.027922000000000002	5.963830000000001	3.3272800000000005	2.34037	2.1329689856200003	-998	-998	-998
500000	0.0	2.67096	1.69009	2.53422	1.94328027466	-998	-998	-998
500000	0.0	4.1498800000000005	2.4049	2.77697	1.92051762935	-998	-998	-998
500000	0.140739	5.04275	2.6485	4.45884	2.02674330748	-998	-998	-998
500000	-0.09050599999999999	4.16918	3.1306599999999998	1.74141	2.0570935012400002	-998	-998	-998
500000	2.018964	7.2759100000000005	3.51937	2.85609	2.3074825997	-998	-998	-998
500000	0.399106	5.04059	2.11921	3.05363	1.98880556529	-998	-998	-998
500000	-0.44698999999999994	5.22668	2.7258	3.7673300000000003	2.22401956688	-998	-998	-998
500000	-0.054163	4.7137199999999995	3.05052	1.6704400000000001	2.00398066217	-998	-998	-998
500000	1.8964470000000002	5.39485	2.48311	3.1899900000000003	2.10261879187	-998	-998	-998
500000	-0.336088	6.0327	3.197	4.19996	2.19366937312	-998	-998	-998
500000	3.1594759999999997	4.7047	2.97388	3.1901900000000003	2.15573163093	-998	-998	-998
500000	-0.665137	4.97449	2.22342	3.40119	2.3074825997	-998	-998	-998
500000	2.551201	5.714519999999999	3.27006	3.18244	2.07226859811	-998	-998	-998
500000	4.195653	4.66411	2.18593	2.01333	1.7839417574599998	-998	-998	-998
500000	1.366394	5.31564	2.58066	3.25176	2.17090672781	-998	-998	-998
500000	1.49122	4.49558	1.31231	3.82324	2.10261879187	-998	-998	-998
500000	0.0	3.94412	1.7062	3.40996	2.07226859811	-998	-998	-998
500000	0.10323900000000001	5.04953	2.96787	2.3096	2.0495059528	-998	-998	-998
500000	-0.15225999999999998	4.3562	2.08353	2.28307	1.87499233872	-998	-998	-998
500000	0.0	4.6348	2.84193	3.05832	2.32265769658	-998	-998	-998
500000	-0.149786	5.67472	3.4251300000000002	2.14597	1.9129300809099998	-998	-998	-998
500000	0.0	6.51664	2.77452	3.44075	2.03433085592	-998	-998	-998
500000	-0.303151	6.26417	3.71049	4.3922	2.3150701481400002	-998	-998	-998
500000	1.108619	5.78926	3.20832	3.5910300000000004	2.16331917937	-998	-998	-998
500000	-0.077348	5.34563	3.3008599999999997	2.17355	2.0115682106099997	-998	-998	-998
500000	0.393451	5.39409	3.0117700000000003	3.91667	2.0570935012400002	-998	-998	-998
500000	-0.11791199999999999	3.9045099999999997	1.9419400000000002	2.51667	2.17090672781	-998	-998	-998
500000	0.771346	6.2942800000000005	4.0601400000000005	1.92849	2.10261879187	-998	-998	-998
500000	2.0369450000000002	5.30886	2.5073	3.93833	2.17090672781	-998	-998	-998
500000	-0.854511	4.7729800000000004	3.45347	3.32875	1.99639311373	-998	-998	-998
500000	-0.576264	7.07345	3.19195	4.44032	2.14055653406	-998	-998	-998
500000	-0.303333	5.07348	2.2528099999999998	2.91781	2.0570935012400002	-998	-998	-998
500000	0.0	4.92877	3.27393	3.1472700000000002	2.22401956688	-998	-998	-998
500000	0.0	3.50769	1.4972	1.67694	1.99639311373	-998	-998	-998
500000	0.0	4.830030000000001	2.27719	4.19567	1.96604291998	-998	-998	-998
500000	-0.445184	5.20463	2.5545400000000003	3.22959	2.2012569215599997	-998	-998	-998
500000	-0.022993	6.5621	3.5861099999999997	0.802962	1.27936978631	-998	-998	-998
500000	-0.171798	4.81086	2.45995	2.71595	2.15573163093	-998	-998	-998
500000	0.35123499999999996	4.4775599999999995	2.12167	2.08914	2.02674330748	-998	-998	-998
500000	0.0	5.88389	3.33241	3.23015	2.00398066217	-998	-998	-998
500000	-0.386123	5.73329	3.2359	3.5981300000000003	2.0570935012400002	-998	-998	-998
500000	3.504243	5.00133	2.6284799999999997	3.4297199999999997	2.26195730907	-998	-998	-998
500000	1.315518	3.6235199999999996	1.6103299999999998	3.18372	2.2012569215599997	-998	-998	-998
500000	0.799564	5.31484	2.37279	3.45563	2.07226859811	-998	-998	-998
500000	-0.13326500000000002	4.98801	2.46426	2.9321200000000003	1.9129300809099998	-998	-998	-998
500000	-0.45616599999999996	5.26211	2.27332	3.54659	2.1102063403	-998	-998	-998
500000	1.451319	4.6429	2.2806900000000003	2.73938	2.06468104967	-998	-998	-998
500000	-0.138497	5.71932	3.5897900000000003	3.7993699999999997	2.20884447	-998	-998	-998
500000	0.0	4.568890000000001	2.28126	3.9542800000000002	2.17849427625	-998	-998	-998
500000	0.0	4.612430000000001	1.99153	2.94139	2.14055653406	-998	-998	-998
500000	0.019791999999999997	6.1275900000000005	3.7893800000000004	2.24824	2.20884447	-998	-998	-998
500000	0.23328400000000002	5.850569999999999	2.76401	3.98955	2.11779388874	-998	-998	-998
500000	-0.040626	5.37505	3.2770599999999996	2.2284	2.12538143718	-998	-998	-998
500000	0.188949	4.44531	2.72951	3.81762	2.22401956688	-998	-998	-998
500000	0.681214	5.61958	2.6297	2.80154	2.14055653406	-998	-998	-998
500000	-0.304127	6.50051	2.83783	3.67933	2.12538143718	-998	-998	-998
500000	-0.15221300000000001	5.41962	2.50605	3.6012800000000005	2.15573163093	-998	-998	-998
500000	-0.134096	5.37056	2.5152099999999997	3.72276	2.01915575904	-998	-998	-998
500000	0.172967	4.86306	2.41656	3.0825299999999998	1.9508678231	-998	-998	-998
500000	0.0	3.6968	2.05372	3.44845	1.9281051777900002	-998	-998	-998
500000	-0.251132	3.17703	1.4743600000000001	2.13658	1.9584553715400002	-998	-998	-998
500000	-0.36459899999999995	6.3428	3.27383	3.34157	1.98121801685	-998	-998	-998
500000	-0.11752699999999999	5.194380000000001	2.29792	4.16451	2.25436976063	-998	-998	-998
500000	1.332663	5.13396	2.76017	3.35808	1.9584553715400002	-998	-998	-998
500000	-0.579272	5.07786	2.73468	3.3752400000000002	2.14055653406	-998	-998	-998
500000	0.0	3.9901400000000002	2.41109	2.7577	1.96604291998	-998	-998	-998
500000	0.0	5.9313199999999995	3.15686	3.20371	2.1329689856200003	-998	-998	-998
500000	-0.5364270000000001	5.4717199999999995	2.33244	3.8480800000000004	2.2012569215599997	-998	-998	-998
500000	0.736705	5.868040000000001	3.4639	2.51753	2.01915575904	-998	-998	-998
500000	0.0	5.18329	2.94283	3.13084	2.2012569215599997	-998	-998	-998
500000	1.9612610000000001	7.826239999999999	4.02436	4.63517	2.08744369499	-998	-998	-998
500000	-0.148765	5.00122	2.28047	3.5636900000000002	1.98880556529	-998	-998	-998
500000	0.339609	4.24284	1.73245	2.83281	1.94328027466	-998	-998	-998
500000	-0.250301	5.73488	4.028919999999999	1.47904	1.0517433331700001	-998	-998	-998
500000	-0.303059	3.5337400000000003	1.86189	3.40055	2.17849427625	-998	-998	-998
500000	1.811191	6.7549600000000005	3.1387	3.57522	2.23919466375	-998	-998	-998
500000	-0.24393099999999998	5.48614	2.94062	3.4984	2.29989505126	-998	-998	-998
500000	-0.19289	5.69309	2.5363	3.25221	2.02674330748	-998	-998	-998
500000	-0.45613400000000004	4.56835	1.8165900000000001	3.5548300000000004	2.14055653406	-998	-998	-998
500000	0.0	4.34007	1.54693	2.16303	1.87499233872	-998	-998	-998
500000	1.124322	5.25331	3.49464	3.8303800000000003	2.23160711532	-998	-998	-998
500000	0.8741620000000001	4.67283	2.73656	3.0076400000000003	2.19366937312	-998	-998	-998
500000	3.454073	5.01119	3.2763	3.14189	2.14055653406	-998	-998	-998
500000	-0.497417	4.92935	2.86606	1.5211700000000001	1.9584553715400002	-998	-998	-998
500000	1.250211	4.68198	2.5005599999999997	2.4948200000000003	2.21643201844	-998	-998	-998
500000	-0.6803819999999999	3.84784	1.20341	2.67472	1.83705459653	-998	-998	-998
500000	-0.12981700000000002	5.363169999999999	2.44519	3.47726	2.00398066217	-998	-998	-998
500000	2.918617	4.58119	1.69967	3.31945	2.09503124343	-998	-998	-998
500000	-0.935783	4.93794	2.84605	3.3022199999999997	2.0495059528	-998	-998	-998
500000	1.3778700000000002	4.84665	3.17333	3.73642	2.28471995438	-998	-998	-998
500000	0.0	5.27335	1.7280099999999998	3.6347300000000002	2.04191840436	-998	-998	-998
500000	-0.130972	4.11454	1.56134	2.4426	2.17090672781	-998	-998	-998
500000	0.0598	5.0879900000000005	2.56589	2.8516	2.04191840436	-998	-998	-998
500000	-0.604264	5.7827	2.9548900000000002	4.280819999999999	2.11779388874	-998	-998	-998
500000	-1.1886729999999999	4.01875	1.91603	2.90116	1.98121801685	-998	-998	-998
500000	1.158195	5.6048	3.11035	2.4814599999999998	2.14055653406	-998	-998	-998
500000	-0.23255900000000002	4.35482	1.8646200000000002	2.42437	2.09503124343	-998	-998	-998
500000	-0.298561	3.92064	2.5123599999999997	2.7724599999999997	2.10261879187	-998	-998	-998
500000	-0.15115499999999998	6.173430000000001	3.18031	3.8028800000000005	2.1329689856200003	-998	-998	-998
500000	-0.29229099999999997	6.15375	3.55321	2.8805	2.2012569215599997	-998	-998	-998
500000	1.245498	5.92093	2.76558	3.85869	2.12538143718	-998	-998	-998
500000	-0.302602	4.68228	2.2038599999999997	3.2101599999999997	2.22401956688	-998	-998	-998
500000	1.400053	5.7354	2.54192	4.0527	2.12538143718	-998	-998	-998
500000	0.792167	5.16474	3.1884200000000003	2.58163	2.14055653406	-998	-998	-998
500000	0.526662	5.023969999999999	3.74804	2.42481	2.17090672781	-998	-998	-998
500000	-0.15748099999999998	5.00548	2.6846	3.8759900000000003	2.08744369499	-998	-998	-998
500000	0.0	5.668480000000001	4.54614	0.389567	0.926548783934	-998	-998	-998
500000	-0.24301599999999998	5.1586099999999995	2.12165	3.63204	2.23160711532	-998	-998	-998
500000	1.130464	5.71667	2.82635	3.68709	2.18608182469	-998	-998	-998
500000	-0.15197	3.15746	2.02477	3.19272	2.00398066217	-998	-998	-998
500000	-0.7512340000000001	5.71518	2.64882	3.4358	2.14055653406	-998	-998	-998
500000	-0.131448	7.368530000000001	3.9536300000000004	4.04873	2.19366937312	-998	-998	-998
500000	1.451319	5.61799	2.8401099999999997	2.7149099999999997	2.06468104967	-998	-998	-998
500000	1.853486	4.72939	2.47646	3.24087	1.98880556529	-998	-998	-998
500000	-0.036156	6.79833	3.3170599999999997	3.84075	2.3150701481400002	-998	-998	-998
500000	0.07271	4.9663900000000005	2.07567	2.6318	1.92051762935	-998	-998	-998
500000	1.056179	5.04282	3.61935	2.7703599999999997	2.09503124343	-998	-998	-998
500000	0.385775	5.34733	2.97492	4.08829	2.2695448575099997	-998	-998	-998
500000	-0.141767	4.568980000000001	2.61632	2.22113	1.99639311373	-998	-998	-998
500000	-0.293917	4.34662	1.6815099999999998	4.04261	2.0495059528	-998	-998	-998
500000	-0.5538	5.910080000000001	4.01392	-0.30542800000000003	1.23005072146	-998	-998	-998
500000	0.08784	5.72383	2.60187	3.11583	2.1329689856200003	-998	-998	-998
500000	-0.025537999999999998	5.11037	2.04385	3.12455	2.06468104967	-998	-998	-998
500000	0.0	4.7165	1.7927799999999998	3.83486	2.09503124343	-998	-998	-998
500000	1.6705450000000002	5.13449	3.2759	3.70621	2.21643201844	-998	-998	-998
500000	-0.032032	4.71756	2.37125	3.14217	2.09503124343	-998	-998	-998
500000	-0.450172	4.19074	1.43006	2.60764	2.0570935012400002	-998	-998	-998
500000	-0.148444	5.6195	2.70707	3.7969199999999996	2.08744369499	-998	-998	-998
500000	0.0	5.39307	2.49172	3.5152300000000003	2.26195730907	-998	-998	-998
500000	0.5363359999999999	5.92911	3.09585	3.3214300000000003	2.04191840436	-998	-998	-998
500000	-0.7587510000000001	5.60039	2.66555	4.60072	1.96604291998	-998	-998	-998
500000	1.2152450000000001	4.23496	1.6378700000000002	3.44529	2.06468104967	-998	-998	-998
500000	-0.13990999999999998	4.60965	2.3142099999999997	3.176	1.83705459653	-998	-998	-998
500000	2.7583189999999997	4.83746	2.43657	1.91786	1.80670440277	-998	-998	-998
500000	-0.45679899999999996	3.19981	1.06864	2.33493	1.75359156371	-998	-998	-998
500000	0.352937	4.82725	2.95582	2.2602900000000004	1.73841646683	-998	-998	-998
500000	-0.281465	4.1659	1.44721	3.4184	1.86740479028	-998	-998	-998
500000	0.09773899999999999	4.09929	2.2993	2.55413	1.74600401527	-998	-998	-998
500000	-0.274436	5.4995199999999995	2.93688	2.81923	1.9584553715400002	-998	-998	-998
500000	-0.22365500000000002	4.88623	2.97004	1.9622700000000002	1.82187949965	-998	-998	-998
500000	-0.152266	5.24909	2.71455	2.17866	1.71565382151	-998	-998	-998
500000	1.08812	5.42931	3.1852400000000003	2.79448	1.68530362776	-998	-998	-998
500000	0.008581	5.42056	3.47646	3.6931599999999998	1.86740479028	-998	-998	-998
500000	-0.077046	4.29137	2.85486	1.37214	1.7763542090200002	-998	-998	-998
500000	0.5040520000000001	4.29727	2.46978	2.92837	1.86740479028	-998	-998	-998
500000	-0.05608	4.905819999999999	2.47099	2.7528099999999998	1.9129300809099998	-998	-998	-998
500000	1.196086	4.42036	2.68024	1.8030000000000002	1.96604291998	-998	-998	-998
500000	1.2798100000000001	3.66552	0.62753	2.15196	1.87499233872	-998	-998	-998
500000	0.9722059999999999	5.47091	2.17085	1.6047200000000001	1.84464214496	-998	-998	-998
500000	-0.29027	5.039969999999999	2.80836	3.07571	1.83705459653	-998	-998	-998
500000	0.0	5.408919999999999	2.63405	1.73868	1.83705459653	-998	-998	-998
500000	0.665572	5.26056	2.34934	2.76045	1.8522296934	-998	-998	-998
500000	-0.233801	4.95608	3.03119	2.88226	1.87499233872	-998	-998	-998
500000	-0.238089	6.42721	3.8354699999999995	2.19968	1.84464214496	-998	-998	-998
500000	1.45776	5.29248	3.13769	1.76318	1.73841646683	-998	-998	-998
500000	1.191566	5.06416	2.4799599999999997	2.53268	1.76876666058	-998	-998	-998
500000	-0.151777	4.05699	1.2506700000000002	3.4597599999999997	1.8294670480900002	-998	-998	-998
500000	-0.430163	4.72962	2.73064	2.17509	1.7611791121400002	-998	-998	-998
500000	-0.152238	4.87524	2.33263	3.61153	1.8522296934	-998	-998	-998
500000	0.8344530000000001	5.15313	2.98722	2.5423299999999998	1.83705459653	-998	-998	-998
500000	2.693858	5.67884	3.8395300000000003	3.39353	2.07226859811	-998	-998	-998
500000	1.3360450000000001	5.63718	3.36374	0.841096	1.9053425324700002	-998	-998	-998
500000	0.855289	4.44044	2.43225	2.7046799999999998	1.87499233872	-998	-998	-998
500000	-0.304476	4.41326	1.81578	3.28586	1.84464214496	-998	-998	-998
500000	0.0	4.687130000000001	1.98564	2.82048	1.8901674355900002	-998	-998	-998
500000	1.26166	3.9222300000000003	1.8459599999999998	1.88733	1.82187949965	-998	-998	-998
500000	1.07955	4.45709	1.88863	3.6452199999999997	2.0115682106099997	-998	-998	-998
500000	-0.12191600000000001	4.37456	1.7362900000000001	3.21519	1.8977549840299999	-998	-998	-998
500000	-0.032658	4.20244	2.33206	2.81282	1.86740479028	-998	-998	-998
500000	-0.054778999999999994	4.4675	2.50161	2.65319	1.6928911762	-998	-998	-998
500000	0.145897	4.94528	2.898	2.96596	1.75359156371	-998	-998	-998
500000	-0.560746	5.11072	2.4386400000000004	1.99945	1.7839417574599998	-998	-998	-998
500000	0.0	4.71834	1.99646	3.04963	1.70806627308	-998	-998	-998
500000	0.14104	4.17414	2.34933	2.59498	1.88257988716	-998	-998	-998
500000	-0.29701500000000003	4.90416	2.1006299999999998	2.54887	1.85981724184	-998	-998	-998
500000	2.54472	6.2762400000000005	3.35207	4.1494599999999995	2.08744369499	-998	-998	-998
500000	-1.630527	4.1900699999999995	1.62609	2.8607099999999996	2.02674330748	-998	-998	-998
500000	0.41895600000000005	5.79805	2.94389	2.93709	1.74600401527	-998	-998	-998
500000	-0.607475	6.405469999999999	3.9441699999999997	0.42858999999999997	0.10329977838099999	-998	-998	-998
500000	0.0	4.00368	1.16136	3.01899	1.88257988716	-998	-998	-998
500000	-0.912277	5.16098	1.8291400000000002	2.17778	1.96604291998	-998	-998	-998
500000	-0.050207999999999996	4.43789	1.8615	1.8710799999999999	1.68530362776	-998	-998	-998
500000	0.0	3.35702	2.44155	1.39693	1.73082891839	-998	-998	-998
500000	-0.455408	4.40334	2.49803	2.76162	1.79911685433	-998	-998	-998
500000	1.1032680000000001	4.0511099999999995	1.6525599999999998	2.89316	1.97363046841	-998	-998	-998
500000	-0.137498	4.74823	2.3155900000000003	2.44272	1.94328027466	-998	-998	-998
500000	1.1945459999999999	4.14369	2.1221400000000004	1.53669	1.74600401527	-998	-998	-998
500000	-0.15221800000000002	3.8457800000000004	1.94982	2.77822	1.8294670480900002	-998	-998	-998
500000	0.23505900000000002	4.67815	2.34548	1.19773	1.86740479028	-998	-998	-998
500000	1.8835099999999998	4.12509	2.21537	3.00988	1.88257988716	-998	-998	-998
500000	0.0	2.96869	1.08166	2.77795	1.79911685433	-998	-998	-998
500000	2.082503	4.87023	2.0115	3.3874	1.8522296934	-998	-998	-998
500000	-0.252188	4.84616	2.0076400000000003	2.4306400000000004	1.82187949965	-998	-998	-998
500000	0.0	2.83918	0.7035640000000001	2.09673	1.79911685433	-998	-998	-998
500000	-0.14238499999999998	4.82779	2.73849	1.4863600000000001	1.7839417574599998	-998	-998	-998
500000	0.0	4.36873	1.60401	3.2480700000000002	1.7839417574599998	-998	-998	-998
500000	-0.17513800000000002	4.48022	1.59358	2.2140400000000002	1.72324136995	-998	-998	-998
500000	-0.304286	4.36941	2.37938	3.11223	1.8977549840299999	-998	-998	-998
500000	1.570176	4.46772	1.46555	3.2986	1.86740479028	-998	-998	-998
500000	-0.125147	7.097289999999999	4.61797	0.661575	0.243669424489	-998	-998	-998
500000	0.0	4.17851	1.7818599999999998	1.6611900000000002	1.70047872464	-998	-998	-998
500000	-0.41351800000000005	4.3810400000000005	2.88618	2.05098	1.76876666058	-998	-998	-998
500000	-0.123296	4.0951699999999995	2.0337099999999997	3.3801400000000004	1.80670440277	-998	-998	-998
500000	-0.42284799999999995	4.4019	1.8231700000000002	2.45341	1.72324136995	-998	-998	-998
500000	-0.269572	4.567880000000001	2.6581799999999998	2.67256	1.84464214496	-998	-998	-998
500000	-0.11164	4.85032	2.43185	2.96095	1.8977549840299999	-998	-998	-998
500000	-0.348964	3.7477199999999997	2.37888	1.8614400000000002	1.8977549840299999	-998	-998	-998
500000	-0.22489	4.68616	3.10018	2.7090099999999997	1.9281051777900002	-998	-998	-998
500000	0.0	5.51644	2.40965	3.4097699999999995	2.11779388874	-998	-998	-998
500000	-0.14918299999999998	5.0412099999999995	2.81219	2.59567	1.8294670480900002	-998	-998	-998
500000	-0.874749	3.9560199999999996	2.45796	1.42016	2.00398066217	-998	-998	-998
500000	-0.606427	4.21265	2.4885599999999997	-0.5513939999999999	0.09950600416239999	-998	-998	-998
500000	0.262666	4.65499	2.9417	1.31794	1.83705459653	-998	-998	-998
500000	-0.139157	4.49892	1.71692	2.53686	1.82187949965	-998	-998	-998
500000	0.0	4.450880000000001	1.92425	1.8761400000000001	1.87499233872	-998	-998	-998
500000	0.923618	5.29512	2.71495	2.28463	1.98880556529	-998	-998	-998
500000	0.796741	5.1799	2.76211	1.98485	1.9281051777900002	-998	-998	-998
500000	-0.30344899999999997	3.61574	1.7364700000000002	1.28346	1.7611791121400002	-998	-998	-998
500000	-0.181193	2.77894	1.7486099999999998	2.7324200000000003	1.7839417574599998	-998	-998	-998
500000	0.525092	5.113519999999999	2.1403	2.27471	1.79911685433	-998	-998	-998
500000	0.0	4.04304	1.22003	3.70232	1.8522296934	-998	-998	-998
500000	0.432183	4.41224	2.51752	3.09174	1.70806627308	-998	-998	-998
500000	-0.152222	4.287719999999999	2.83487	2.16606	1.7611791121400002	-998	-998	-998
500000	0.13517	3.4591800000000004	0.9057709999999999	3.2535	1.93569272622	-998	-998	-998
500000	1.275269	5.38242	3.01966	2.33187	1.98880556529	-998	-998	-998
500000	0.0	5.14048	2.1015900000000003	2.0815900000000003	1.88257988716	-998	-998	-998
500000	-0.146671	4.79752	1.4557200000000001	3.26362	1.8294670480900002	-998	-998	-998
500000	2.196434	5.5668	2.87395	1.76105	1.6549534340099998	-998	-998	-998
500000	0.0	6.01427	3.39195	1.09504	2.03433085592	-998	-998	-998
500000	-0.296562	4.43834	2.03247	3.08997	2.02674330748	-998	-998	-998
500000	-0.131162	4.55441	2.3939	2.41621	1.86740479028	-998	-998	-998
500000	-0.45464399999999994	4.39387	2.4325900000000003	2.51293	1.92051762935	-998	-998	-998
500000	-0.152079	4.72518	2.31849	3.0466900000000003	1.9281051777900002	-998	-998	-998
500000	1.345785	5.86246	3.02528	2.33819	1.97363046841	-998	-998	-998
500000	0.407254	5.08584	2.9810000000000003	1.40625	1.7763542090200002	-998	-998	-998
500000	-0.138485	5.33204	2.93138	3.22987	1.9129300809099998	-998	-998	-998
500000	-0.385272	4.97696	2.10974	2.89705	1.75359156371	-998	-998	-998
500000	0.671666	4.9261	2.7394	2.6496	2.00398066217	-998	-998	-998
500000	5.769114	2.35947	0.9540069999999999	2.32557	1.8977549840299999	-998	-998	-998
500000	-0.29446	4.9865699999999995	2.5314900000000002	2.73287	1.73082891839	-998	-998	-998
500000	0.633582	4.42569	2.02848	1.71322	1.75359156371	-998	-998	-998
500000	0.0	4.47293	1.95104	3.2166099999999997	1.8294670480900002	-998	-998	-998
500000	1.123237	5.12381	2.5119	1.1047799999999999	1.9129300809099998	-998	-998	-998
500000	-0.587434	5.31728	2.1631299999999998	2.1813599999999997	1.8901674355900002	-998	-998	-998
500000	-0.893042	4.38483	1.63119	2.3671900000000003	1.6928911762	-998	-998	-998
500000	-0.052261	4.9751199999999995	3.0998799999999997	2.75104	1.97363046841	-998	-998	-998
500000	-0.056126999999999996	4.9211	2.2940400000000003	2.1250400000000003	1.8522296934	-998	-998	-998
500000	-0.593478	5.04398	2.0051400000000004	2.11117	1.7839417574599998	-998	-998	-998
500000	1.031297	4.47051	2.79088	0.0535352	0.137443746354	-998	-998	-998
500000	0.0	4.483969999999999	2.3043099999999996	3.7859	1.98880556529	-998	-998	-998
500000	-0.152231	5.11787	2.5165	3.24894	1.98880556529	-998	-998	-998
500000	-0.573194	4.96926	2.1701200000000003	2.89486	1.87499233872	-998	-998	-998
500000	-0.134802	4.20656	1.84087	2.71462	1.92051762935	-998	-998	-998
500000	0.8090729999999999	5.21014	2.5823400000000003	2.80186	1.88257988716	-998	-998	-998
500000	-0.29701500000000003	4.16266	1.76875	2.58854	1.85981724184	-998	-998	-998
500000	-0.269923	3.91915	1.71314	2.5663	1.88257988716	-998	-998	-998
500000	0.0	3.91439	1.35215	2.5657799999999997	1.7839417574599998	-998	-998	-998
500000	0.0	3.9517300000000004	1.52962	2.05577	1.84464214496	-998	-998	-998
500000	1.1045559999999999	5.27257	2.8094	2.89521	1.82187949965	-998	-998	-998
500000	-0.09277	5.49815	3.0891	2.7297700000000003	1.96604291998	-998	-998	-998
500000	0.814906	5.06571	2.81045	2.5573	1.76876666058	-998	-998	-998
500000	-0.27544	3.9784300000000004	2.2322	1.9484099999999998	1.8977549840299999	-998	-998	-998
500000	0.6010489999999999	5.26566	2.81662	2.66541	1.6473658855700002	-998	-998	-998
500000	1.1396709999999999	3.25445	0.9188729999999999	2.24471	1.67771607932	-998	-998	-998
500000	-0.104657	5.37679	2.91737	0.953068	1.82187949965	-998	-998	-998
500000	-0.144992	3.87779	1.19442	1.99215	1.8522296934	-998	-998	-998
500000	4.179969	4.84286	2.05627	2.78172	1.9129300809099998	-998	-998	-998
500000	0.372203	4.01434	1.84275	3.17658	1.86740479028	-998	-998	-998
500000	-0.033055	4.56356	2.0041900000000004	2.93187	1.80670440277	-998	-998	-998
500000	1.320678	4.388330000000001	2.2233	3.2048400000000004	1.94328027466	-998	-998	-998
500000	0.0	5.1819	3.16065	3.52979	1.9053425324700002	-998	-998	-998
500000	4.605409	4.31762	2.0041599999999997	2.2097700000000002	1.6928911762	-998	-998	-998
500000	1.440584	4.326169999999999	1.8459900000000002	2.41375	2.0570935012400002	-998	-998	-998
500000	-1.043276	5.13968	2.0895599999999996	3.3542400000000003	1.8977549840299999	-998	-998	-998
500000	0.735101	5.11249	2.96775	2.3409299999999997	1.98880556529	-998	-998	-998
500000	-0.303654	5.63122	2.7566200000000003	3.11795	1.92051762935	-998	-998	-998
500000	-0.411391	4.19975	2.45132	2.04889	1.73841646683	-998	-998	-998
500000	-0.15087899999999999	4.63405	2.7794	2.03435	1.81429195121	-998	-998	-998
500000	-0.282675	6.19955	2.92083	3.25953	1.92051762935	-998	-998	-998
500000	0.640256	5.79525	3.5220599999999997	3.0594200000000003	1.9129300809099998	-998	-998	-998
500000	-0.11893	5.69653	3.8818	-0.509361	0.384039070597	-998	-998	-998
500000	-0.488446	4.98744	2.37031	3.08459	1.79911685433	-998	-998	-998
500000	0.0	5.61716	2.48909	3.0811900000000003	1.84464214496	-998	-998	-998
500000	1.201068	4.19421	2.2153	1.78283	1.7839417574599998	-998	-998	-998
500000	-0.391529	3.7097300000000004	1.38083	3.06135	1.9129300809099998	-998	-998	-998
500000	0.685621	4.09051	1.9060400000000002	2.2622299999999997	1.85981724184	-998	-998	-998
500000	-0.15218199999999998	3.9658	2.225	2.09033	1.8977549840299999	-998	-998	-998
500000	1.519023	5.35315	2.70804	3.18416	1.8294670480900002	-998	-998	-998
500000	0.153089	5.52399	3.1046400000000003	2.6279	1.8901674355900002	-998	-998	-998
500000	0.034033999999999995	5.97739	2.80071	3.2529	2.0115682106099997	-998	-998	-998
500000	1.512608	6.33009	2.94849	3.6002	1.8294670480900002	-998	-998	-998
500000	-0.290517	5.655390000000001	2.71714	2.8559099999999997	1.86740479028	-998	-998	-998
500000	0.148956	4.65549	2.90841	2.12345	1.7611791121400002	-998	-998	-998
500000	1.248625	4.97969	3.15053	3.03693	1.9584553715400002	-998	-998	-998
500000	0.6848029999999999	5.7365699999999995	3.1036599999999996	2.32498	1.88257988716	-998	-998	-998
500000	0.015517	5.9259699999999995	4.10922	-0.187219	0.0425993908753	-998	-998	-998
500000	0.453434	6.05288	2.80132	3.8884300000000005	1.9281051777900002	-998	-998	-998
500000	0.0	3.96855	1.32723	3.07024	1.85981724184	-998	-998	-998
500000	1.52129	6.15635	3.5856	2.38611	1.9053425324700002	-998	-998	-998
500000	0.237246	4.97125	2.49385	3.30686	2.14055653406	-998	-998	-998
500000	0.144866	5.04683	2.7484599999999997	2.7782	1.87499233872	-998	-998	-998
500000	0.518187	6.10864	2.7623	2.54985	1.80670440277	-998	-998	-998
500000	1.116032	6.11942	3.02031	3.22511	1.85981724184	-998	-998	-998
500000	-0.145504	4.25106	2.07615	1.6832799999999999	1.5183775621200002	-998	-998	-998
500000	0.0	3.48561	0.713391	2.44453	1.48802736837	-998	-998	-998
500000	0.156392	7.086639999999999	3.682	-0.373856	0.15261884323	-998	-998	-998
500000	-0.44821400000000006	5.87993	1.89366	3.49419	1.70047872464	-998	-998	-998
500000	-0.16927999999999999	5.93845	2.14585	3.3951800000000003	1.57907794962	-998	-998	-998
500000	2.0177259999999997	6.44813	3.33664	3.2832	1.63977833713	-998	-998	-998
500000	-0.017347	5.77767	3.62849	-0.481192	0.0274242939988	-998	-998	-998
500000	0.690355	5.933680000000001	2.66617	2.64319	1.6473658855700002	-998	-998	-998
500000	0.0	5.0841	2.09005	3.39955	1.60942814338	-998	-998	-998
500000	0.46700200000000003	5.754169999999999	2.9795599999999998	1.5526799999999998	1.5942530465	-998	-998	-998
500000	-0.347719	6.47176	3.2289999999999996	2.90632	1.57149040119	-998	-998	-998
500000	-0.29382800000000003	5.42588	2.32255	2.67877	1.54114020743	-998	-998	-998
500000	-0.282198	4.85309	2.1547	3.58406	1.5942530465	-998	-998	-998
500000	-0.581681	6.2182	2.92707	3.8354800000000004	1.67771607932	-998	-998	-998
500000	0.0	4.64637	0.906959	4.65519	2.0570935012400002	-998	-998	-998
500000	0.0	5.07845	1.9446599999999998	2.47212	1.67771607932	-998	-998	-998
500000	1.1352280000000001	6.45024	2.71285	4.13941	1.7839417574599998	-998	-998	-998
500000	0.0	5.06163	1.36063	3.95482	1.83705459653	-998	-998	-998
500000	0.45167299999999994	4.72486	1.67087	4.326919999999999	1.7839417574599998	-998	-998	-998
500000	-0.5920479999999999	4.75655	1.6060299999999998	3.2848699999999997	1.79911685433	-998	-998	-998
500000	0.0	5.911169999999999	2.33926	2.11737	1.63977833713	-998	-998	-998
500000	0.248565	5.51368	2.67582	2.9867	1.6473658855700002	-998	-998	-998
500000	-0.374707	6.13989	2.09476	3.21076	1.70806627308	-998	-998	-998
500000	0.0	5.486619999999999	2.85735	3.2976300000000003	1.9508678231	-998	-998	-998
500000	-0.152199	5.27718	2.3363099999999997	3.41318	1.70047872464	-998	-998	-998
500000	1.198521	5.39866	2.89978	4.19232	1.8901674355900002	-998	-998	-998
500000	-0.151557	3.8540900000000002	0.8481270000000001	1.7646700000000002	1.3362763996	-998	-998	-998
500000	0.326477	5.54557	1.58812	3.19639	1.6928911762	-998	-998	-998
500000	-0.092335	4.3426	2.11455	3.28056	1.88257988716	-998	-998	-998
500000	-0.570102	6.822010000000001	2.82465	4.4808900000000005	1.79911685433	-998	-998	-998
500000	-0.531442	4.63737	1.8903	2.65809	1.55631530431	-998	-998	-998
500000	0.0	4.460459999999999	1.93297	2.56755	1.6549534340099998	-998	-998	-998
500000	1.043608	6.4890099999999995	2.4513	2.8715200000000003	1.8294670480900002	-998	-998	-998
500000	1.7769259999999998	7.775	3.6049599999999997	3.36139	1.70047872464	-998	-998	-998
500000	0.0	5.05663	2.5228200000000003	3.15571	1.76876666058	-998	-998	-998
500000	0.0	5.77986	3.34069	3.97395	1.85981724184	-998	-998	-998
500000	-0.07081900000000001	5.16529	2.13537	2.33986	1.70047872464	-998	-998	-998
500000	-0.290094	5.56711	2.5503	3.7683699999999996	1.94328027466	-998	-998	-998
500000	0.45522299999999993	5.74256	2.67394	3.46854	1.84464214496	-998	-998	-998
500000	-0.255973	5.6531	2.35908	2.7934400000000004	1.6928911762	-998	-998	-998
500000	0.497813	6.437069999999999	2.7718599999999998	2.23558	1.7763542090200002	-998	-998	-998
500000	0.839405	6.13226	2.59795	2.12494	1.7611791121400002	-998	-998	-998
500000	-0.2656	5.16167	2.53345	1.6697799999999998	1.55631530431	-998	-998	-998
500000	1.099194	5.162380000000001	1.77498	4.806109999999999	1.82187949965	-998	-998	-998
500000	0.669936	6.14038	3.58324	3.06766	1.80670440277	-998	-998	-998
500000	-0.595819	6.23219	2.77988	4.43427	1.8294670480900002	-998	-998	-998
500000	1.1844860000000001	6.010619999999999	2.64106	3.4075599999999997	1.88257988716	-998	-998	-998
500000	0.0	4.65217	1.9203299999999999	2.85955	1.7611791121400002	-998	-998	-998
500000	0.0	4.3347	2.18508	3.675	1.7915293059000001	-998	-998	-998
500000	1.198968	4.91495	1.80843	2.63007	1.7915293059000001	-998	-998	-998
500000	-0.32537699999999997	4.78829	1.72813	3.3553900000000003	1.9281051777900002	-998	-998	-998
500000	-0.150141	5.67852	2.45701	3.7605800000000005	1.79911685433	-998	-998	-998
500000	1.676666	4.88778	1.38445	1.97243	1.67012853088	-998	-998	-998
500000	0.0	6.12019	2.47171	3.7773199999999996	1.6928911762	-998	-998	-998
500000	0.477562	6.31656	3.04664	3.45626	1.92051762935	-998	-998	-998
500000	-0.303078	4.534330000000001	1.16354	3.66905	1.84464214496	-998	-998	-998
500000	-0.149842	5.82024	2.6560799999999998	2.72654	1.71565382151	-998	-998	-998
500000	0.116914	5.576980000000001	3.38268	2.58981	1.68530362776	-998	-998	-998
500000	0.0	5.9770199999999996	2.3919599999999996	3.7393099999999997	1.92051762935	-998	-998	-998
500000	2.156013	6.55163	2.9521	3.16435	1.6928911762	-998	-998	-998
500000	-0.143314	4.91585	1.8334099999999998	2.82618	1.6321907886899998	-998	-998	-998
500000	0.0	7.66018	4.19234	1.5939	1.2604009152200002	-998	-998	-998
500000	0.0	5.793769999999999	1.7959599999999998	4.69095	1.70806627308	-998	-998	-998
500000	-0.304485	5.25265	1.64877	2.88873	1.6473658855700002	-998	-998	-998
500000	-0.15226099999999998	5.629230000000001	2.69935	3.6595400000000002	1.82187949965	-998	-998	-998
500000	0.0	4.2174	1.86893	1.7110900000000002	1.67771607932	-998	-998	-998
500000	-0.14852200000000002	5.61378	2.1454299999999997	3.7991	1.88257988716	-998	-998	-998
500000	-0.5729	6.682169999999999	3.3592699999999995	1.8732900000000001	1.75359156371	-998	-998	-998
500000	1.672352	6.893269999999999	3.68647	3.8502	1.80670440277	-998	-998	-998
500000	1.0265	6.428780000000001	2.8914	4.928999999999999	1.96604291998	-998	-998	-998
500000	-0.684634	6.47296	3.20667	2.79948	1.6473658855700002	-998	-998	-998
500000	0.385767	6.15435	2.64785	4.12969	1.81429195121	-998	-998	-998
500000	-0.143217	5.557169999999999	2.16243	3.76955	1.85981724184	-998	-998	-998
500000	-0.024967	5.662669999999999	2.5512	3.24043	1.84464214496	-998	-998	-998
500000	-0.38916799999999996	5.296119999999999	2.4988	4.529780000000001	1.79911685433	-998	-998	-998
500000	0.9229	6.60463	3.13707	3.9583699999999995	1.79911685433	-998	-998	-998
500000	-0.594087	6.74166	3.07254	4.47969	1.80670440277	-998	-998	-998
500000	-0.152266	5.61499	1.7659900000000002	3.81112	1.86740479028	-998	-998	-998
500000	-0.15398900000000001	5.83115	2.41128	4.44258	1.80670440277	-998	-998	-998
500000	-0.293018	5.16447	2.54235	3.87359	1.71565382151	-998	-998	-998
500000	0.0	4.99404	2.22262	3.72221	1.82187949965	-998	-998	-998
500000	-0.22176500000000002	6.0415	3.26487	2.64865	1.6928911762	-998	-998	-998
500000	1.1136110000000001	5.33919	1.2676	3.9859199999999997	1.6928911762	-998	-998	-998
500000	0.748943	5.00638	1.74045	3.83255	1.8294670480900002	-998	-998	-998
500000	0.757306	5.87341	2.55693	4.7208	1.68530362776	-998	-998	-998
500000	-0.152676	7.1006800000000005	2.72635	3.6143099999999997	1.8294670480900002	-998	-998	-998
500000	-0.5947859999999999	6.03368	1.8032700000000002	3.61692	1.75359156371	-998	-998	-998
500000	1.605315	4.46091	2.14471	3.3284599999999998	1.94328027466	-998	-998	-998
500000	-0.151943	5.15421	1.68399	3.48695	1.55631530431	-998	-998	-998
500000	-0.23261500000000002	6.05779	2.6139799999999997	3.86734	1.70047872464	-998	-998	-998
500000	0.098617	5.73286	2.51798	2.97632	1.73082891839	-998	-998	-998
500000	-0.088564	5.80552	2.26437	2.94296	1.7839417574599998	-998	-998	-998
500000	0.461898	7.8554	3.4313	5.49326	1.96604291998	-998	-998	-998
500000	-0.302137	6.24183	2.41062	3.61924	1.67012853088	-998	-998	-998
500000	-0.29792199999999996	5.5827599999999995	2.32535	4.09007	1.72324136995	-998	-998	-998
500000	0.426655	2.52455	1.13315	-1.74832	0.668572137033	-998	-998	-998
500000	0.36235100000000003	0.0789946	0.217743	0.40789899999999996	2.45164602003	-998	-998	-998
500000	-0.130051	0.181444	0.572883	1.1966	-0.393684644325	-998	-998	-998
500000	1.171403	5.60187	3.1311	-0.0134271	0.000867874464859	-998	-998	-998
500000	-0.5798270000000001	4.2607099999999996	2.07595	1.77957	1.57907794962	-998	-998	-998
500000	4.656666	3.24444	1.04315	3.05546	1.51079001368	-998	-998	-998
500000	2.6468700000000003	5.098409999999999	2.8763099999999997	0.24972199999999997	0.0919184557241	-998	-998	-998
500000	-0.160977	5.610519999999999	3.85039	-0.0482981	0.000867874464859	-998	-998	-998
500000	0.0	4.1756	2.18091	2.0855799999999998	1.63977833713	-998	-998	-998
500000	0.024086	5.00129	2.25697	2.37006	1.57907794962	-998	-998	-998
500000	0.0	5.2613199999999996	3.3841	0.062075	0.167793940107	-998	-998	-998
500000	1.167844	5.86131	3.0636799999999997	2.2650099999999997	1.6321907886899998	-998	-998	-998
500000	-0.243181	5.5968800000000005	2.20205	3.08449	1.75359156371	-998	-998	-998
500000	-0.21484299999999998	4.45331	1.7122700000000002	2.32013	1.5487277558700001	-998	-998	-998
500000	-0.258785	6.32264	4.4116	0.730086	0.14123752057299999	-998	-998	-998
500000	0.0	4.53485	1.6570799999999999	0.442438	1.4349145293	-998	-998	-998
500000	0.340996	4.47771	2.4258	1.44951	1.57907794962	-998	-998	-998
500000	-0.141014	4.54405	2.6278599999999996	1.78695	1.48802736837	-998	-998	-998
500000	-0.15066300000000002	5.9031199999999995	3.49249	0.553833	0.11088732682	-998	-998	-998
500000	0.511219	4.75235	3.17395	2.00398	1.57149040119	-998	-998	-998
500000	-0.09889500000000001	4.90302	2.47872	1.87185	1.6928911762	-998	-998	-998
500000	1.78157	5.18302	2.26241	0.88418	1.63977833713	-998	-998	-998
500000	0.782013	5.92855	4.02301	0.122464	0.061568261971	-998	-998	-998
500000	0.0	4.88525	2.49935	1.90032	1.72324136995	-998	-998	-998
500000	1.048691	4.59187	1.66533	2.90386	1.7915293059000001	-998	-998	-998
500000	-0.20610599999999998	5.20455	2.70737	-0.667967	-0.0750076099178	-998	-998	-998
500000	3.259402	5.76962	2.7492799999999997	-0.408432	0.0691558104093	-998	-998	-998
500000	2.826598	4.83441	2.0861400000000003	1.88452	1.56390285275	-998	-998	-998
500000	0.618784	5.2636400000000005	2.99473	0.45096	0.0957122299432	-998	-998	-998
500000	1.18967	5.0628	3.63446	0.105348	0.10329977838099999	-998	-998	-998
500000	-0.12431500000000001	4.22776	2.68687	2.16394	1.5335526590000002	-998	-998	-998
500000	-0.41628699999999996	4.43311	1.9182299999999999	2.6594700000000002	1.6321907886899998	-998	-998	-998
500000	1.075561	3.27549	1.29167	0.87734	1.5183775621200002	-998	-998	-998
500000	0.0	3.1662	0.640508	2.5209099999999998	1.67012853088	-998	-998	-998
500000	-0.152123	3.78526	0.648388	1.7047299999999999	1.41215188398	-998	-998	-998
500000	1.727429	5.2441699999999996	2.39716	2.49125	1.5335526590000002	-998	-998	-998
500000	0.0	4.67295	1.8773799999999998	2.7522599999999997	1.70806627308	-998	-998	-998
500000	-0.439486	4.8737900000000005	2.2822400000000003	2.31556	1.5942530465	-998	-998	-998
500000	-0.075163	4.8245	1.8038299999999998	2.32088	1.70806627308	-998	-998	-998
500000	0.0	4.3106800000000005	2.11343	1.7180400000000002	1.6549534340099998	-998	-998	-998
500000	-0.152254	5.42605	1.8509	2.5691900000000003	1.61701569182	-998	-998	-998
500000	0.185151	5.25331	3.1764799999999997	1.29186	1.57907794962	-998	-998	-998
500000	-0.029289	6.48209	4.0825	0.88308	0.262638295585	-998	-998	-998
500000	1.168748	4.47048	1.87428	2.54419	1.6321907886899998	-998	-998	-998
500000	1.208789	5.67552	3.7705	-0.33124000000000003	-0.0256885450691	-998	-998	-998
500000	-0.589661	5.63235	2.8863	0.30699099999999996	0.023630519779699998	-998	-998	-998
500000	0.0	4.89032	3.0735799999999998	2.05131	1.6928911762	-998	-998	-998
500000	-0.007331	4.31391	2.03525	2.65364	1.67012853088	-998	-998	-998
500000	-0.133519	5.0748	2.58439	2.25516	1.58666549806	-998	-998	-998
500000	0.9914379999999999	4.9980400000000005	2.56104	1.6173600000000001	1.6625409824500001	-998	-998	-998
500000	0.0	5.05889	2.95791	-0.746374	0.145031294792	-998	-998	-998
500000	-0.167946	4.7277	3.63697	-0.571016	-0.0029258997542800005	-998	-998	-998
500000	-0.239848	5.21946	2.4563200000000003	2.03903	1.5183775621200002	-998	-998	-998
500000	-0.201226	4.8030800000000005	2.67524	1.4070799999999999	1.6625409824500001	-998	-998	-998
500000	0.0	5.211530000000001	2.42741	2.45365	1.6321907886899998	-998	-998	-998
500000	0.362288	4.52223	2.11294	1.96025	1.6625409824500001	-998	-998	-998
500000	0.872801	4.94923	2.37272	2.55482	1.63977833713	-998	-998	-998
500000	1.526548	5.04026	2.54963	1.88051	1.55631530431	-998	-998	-998
500000	0.0	3.6295699999999997	0.8291959999999999	2.90658	1.56390285275	-998	-998	-998
500000	1.189849	4.77851	2.96476	3.1568400000000003	1.5259651105599998	-998	-998	-998
500000	0.0	4.30066	2.62148	0.6693720000000001	1.6321907886899998	-998	-998	-998
500000	-0.09866799999999999	3.9034	2.1953099999999997	2.23965	1.73082891839	-998	-998	-998
500000	-0.136285	5.81688	3.9369099999999997	0.20468499999999998	0.0274242939988	-998	-998	-998
500000	0.0	3.39223	0.977301	1.28639	1.61701569182	-998	-998	-998
500000	-0.294777	5.7344	3.77366	-0.109161	0.09950600416239999	-998	-998	-998
500000	-0.555954	4.819459999999999	3.61194	-0.629022	-0.044657416164800005	-998	-998	-998
500000	-0.227883	5.23739	3.37889	0.05465980000000001	0.023630519779699998	-998	-998	-998
500000	0.054799	5.7828599999999994	3.16909	-0.429227	0.145031294792	-998	-998	-998
500000	0.0	3.30606	1.00763	1.96225	1.55631530431	-998	-998	-998
500000	0.35349899999999995	4.45435	1.93189	2.4550799999999997	1.56390285275	-998	-998	-998
500000	-0.135178	3.61175	2.81622	0.30244899999999997	-0.0105134481925	-998	-998	-998
500000	0.0	4.72424	3.3007400000000002	-0.8533149999999999	-0.14708932008099998	-998	-998	-998
500000	-0.27063000000000004	5.4174	3.66591	-0.185303	0.00845542290313	-998	-998	-998
500000	0.328529	4.94378	2.53646	2.27169	1.54114020743	-998	-998	-998
500000	-0.09586599999999999	4.95865	2.63081	2.24685	1.56390285275	-998	-998	-998
500000	0.971295	3.11246	1.0981	1.96859	1.39697678711	-998	-998	-998
500000	0.382458	4.359319999999999	2.13822	1.36944	1.67012853088	-998	-998	-998
500000	-0.795136	3.78324	1.6841599999999999	2.4584	1.6928911762	-998	-998	-998
500000	0.0	4.65365	2.94274	-0.622	0.145031294792	-998	-998	-998
500000	-0.0135	4.85856	2.7818099999999997	1.71807	1.57149040119	-998	-998	-998
500000	-0.579512	5.533530000000001	2.3796	1.8509	1.5032024652399998	-998	-998	-998
500000	0.0	5.3783900000000004	3.6901900000000003	0.110838	0.088124681505	-998	-998	-998
500000	0.090802	4.58325	2.9210000000000003	1.7083700000000002	1.56390285275	-998	-998	-998
500000	-0.128126	4.732880000000001	3.3308699999999996	0.438906	0.0425993908753	-998	-998	-998
500000	0.364151	4.1024199999999995	2.0571	-0.52946	1.54114020743	-998	-998	-998
500000	-0.149303	4.68763	1.68354	1.41127	1.6246032402500001	-998	-998	-998
500000	-0.141104	4.89119	3.19814	2.32606	1.5942530465	-998	-998	-998
500000	0.0	5.10505	2.17921	1.69992	1.56390285275	-998	-998	-998
500000	0.0	4.13929	1.36291	2.7443	1.67771607932	-998	-998	-998
500000	1.407432	4.14837	1.60873	1.28325	1.58666549806	-998	-998	-998
500000	0.0	4.68279	2.6107	0.27720700000000004	0.023630519779699998	-998	-998	-998
500000	-0.13388599999999998	3.81854	1.26904	1.64306	1.5032024652399998	-998	-998	-998
500000	-0.15098	3.84584	1.11533	1.59618	1.54114020743	-998	-998	-998
500000	-0.739136	5.47345	2.04054	2.74012	1.67012853088	-998	-998	-998
500000	-0.44667799999999996	4.8736	2.8883099999999997	1.9433900000000002	1.5259651105599998	-998	-998	-998
500000	0.0	4.664540000000001	2.92518	1.9301400000000002	1.57907794962	-998	-998	-998
500000	-0.228804	4.64273	1.86178	2.87018	1.46526472305	-998	-998	-998
500000	0.0	4.82501	2.50559	2.11592	1.5259651105599998	-998	-998	-998
500000	0.0	3.57681	2.8416799999999998	0.518476	0.20952545651700002	-998	-998	-998
500000	-0.35041500000000003	5.18396	2.92975	0.31083	0.0350118424371	-998	-998	-998
500000	1.9639380000000002	4.42465	1.65903	1.54017	1.5335526590000002	-998	-998	-998
500000	-0.502854	5.27515	2.9062099999999997	1.82055	1.5487277558700001	-998	-998	-998
500000	-0.298265	4.4594	2.5910900000000003	1.68455	1.67012853088	-998	-998	-998
500000	-0.061012000000000004	3.6883800000000004	1.49801	1.8407200000000001	1.60942814338	-998	-998	-998
500000	0.301748	4.24936	2.5806	1.32884	1.55631530431	-998	-998	-998
500000	0.0	4.4048300000000005	1.91409	2.10455	1.58666549806	-998	-998	-998
500000	0.768853	4.315519999999999	1.5964200000000002	3.0897200000000002	1.74600401527	-998	-998	-998
500000	0.157247	4.06104	1.45428	2.03682	1.5487277558700001	-998	-998	-998
500000	0.540623	4.33022	2.16278	1.88211	1.5335526590000002	-998	-998	-998
500000	0.0	4.2682	2.26514	1.42734	1.6321907886899998	-998	-998	-998
500000	-0.087719	4.49067	3.4519800000000003	0.06806989999999999	0.061568261971	-998	-998	-998
500000	0.752729	4.46394	2.87158	-0.0926774	-0.09397648101350001	-998	-998	-998
500000	-0.15213	5.01534	2.87222	-0.0292122	-0.0484511903839	-998	-998	-998
500000	0.795701	4.908930000000001	2.75358	-0.8606659999999999	-0.029482319288200002	-998	-998	-998
500000	-0.11062899999999999	4.85409	2.0904599999999998	2.6415900000000003	1.6625409824500001	-998	-998	-998
500000	-0.306299	5.50286	2.72209	2.44722	1.5942530465	-998	-998	-998
500000	-0.152253	5.289969999999999	3.38907	1.8026900000000001	1.74600401527	-998	-998	-998
500000	0.9703069999999999	5.10811	2.12115	2.44817	1.6473658855700002	-998	-998	-998
500000	-0.127031	5.434419999999999	2.2639	2.5420700000000003	1.6246032402500001	-998	-998	-998
500000	-0.37046999999999997	4.4814	2.57508	1.97075	1.6549534340099998	-998	-998	-998
500000	0.333295	2.86437	1.43618	1.12134	1.6473658855700002	-998	-998	-998
500000	0.0	3.76444	1.6461400000000002	2.8204700000000003	1.6321907886899998	-998	-998	-998
500000	1.017228	3.83935	1.87674	2.83798	1.60942814338	-998	-998	-998
500000	-0.769265	5.5088	2.62566	0.253789	0.126062423696	-998	-998	-998
500000	-1.052664	5.30371	2.57742	2.14269	1.6549534340099998	-998	-998	-998
500000	0.0	4.930619999999999	2.02073	1.06108	1.57907794962	-998	-998	-998
500000	0.9496870000000001	5.665369999999999	3.18147	2.9064099999999997	1.7763542090200002	-998	-998	-998
500000	0.0	5.22239	2.21461	2.05559	1.6018405949399999	-998	-998	-998
500000	1.464081	3.07914	1.37572	3.31055	1.5335526590000002	-998	-998	-998
500000	1.175671	3.67501	1.35267	2.28308	1.46526472305	-998	-998	-998
500000	0.437615	5.81879	3.58331	0.429292	0.0729495846284	-998	-998	-998
500000	0.948031	6.43956	3.99845	0.15018499999999999	0.0350118424371	-998	-998	-998
500000	0.0	5.15409	3.36018	0.8930469999999999	0.13364997213500002	-998	-998	-998
500000	-0.091632	6.17876	2.5907	3.52821	1.6549534340099998	-998	-998	-998
500000	2.805946	5.0565	2.46945	1.96623	1.5259651105599998	-998	-998	-998
500000	0.9320809999999999	5.75635	3.5718400000000003	-0.10658	0.14123752057299999	-998	-998	-998
500000	-0.196432	5.19649	2.76135	-0.22136799999999998	-0.0181009966308	-998	-998	-998
500000	-0.455574	4.200069999999999	0.92215	2.40386	1.6246032402500001	-998	-998	-998
500000	0.11189500000000001	4.32451	2.3265599999999997	2.31377	1.5942530465	-998	-998	-998
500000	1.057668	4.04796	2.45527	2.1664	1.60942814338	-998	-998	-998
500000	-0.257652	4.56917	1.72317	2.39417	1.5487277558700001	-998	-998	-998
500000	2.007175	5.10155	2.46367	1.7381	1.4197394324200001	-998	-998	-998
500000	0.0	2.99744	0.55108	2.3788	1.61701569182	-998	-998	-998
500000	-0.728958	4.81498	2.71221	1.15862	1.55631530431	-998	-998	-998
500000	-0.279917	3.8469599999999997	1.07101	1.9278099999999998	1.5942530465	-998	-998	-998
500000	1.347715	5.23266	2.0295	0.9399200000000001	1.55631530431	-998	-998	-998
500000	0.0	4.64227	2.93853	0.105775	0.0767433588476	-998	-998	-998
500000	0.0	5.00545	2.80824	1.78371	1.61701569182	-998	-998	-998
500000	0.6341600000000001	4.87254	2.72989	3.05747	1.7611791121400002	-998	-998	-998
500000	-0.30402199999999996	6.14803	2.72022	2.17588	1.56390285275	-998	-998	-998
500000	-0.302797	4.08358	2.2567	0.312365	0.0463931650945	-998	-998	-998
500000	0.0	3.98045	2.2793	1.80185	1.5259651105599998	-998	-998	-998
500000	-0.44751599999999997	4.34119	1.85906	2.01468	1.70047872464	-998	-998	-998
500000	-0.563127	4.7807900000000005	2.61524	1.37192	1.5942530465	-998	-998	-998
500000	1.231079	4.43244	2.66016	0.6450319999999999	1.63977833713	-998	-998	-998
500000	0.8525370000000001	5.4547099999999995	2.91426	1.12552	1.57907794962	-998	-998	-998
500000	2.6065549999999997	4.50568	2.27071	2.63151	1.6549534340099998	-998	-998	-998
500000	0.080135	4.67905	2.29966	2.53353	1.63977833713	-998	-998	-998
500000	0.0	4.70403	2.0430099999999998	2.4605599999999996	1.73841646683	-998	-998	-998
500000	-0.309813	3.8611400000000002	1.46159	1.83358	1.6018405949399999	-998	-998	-998
500000	1.2235200000000002	5.49025	2.7400900000000004	1.20176	1.5487277558700001	-998	-998	-998
500000	0.0	3.7378	1.3509	1.8161599999999998	1.60942814338	-998	-998	-998
500000	0.877058	4.3069999999999995	2.2674	1.94365	1.58666549806	-998	-998	-998
500000	0.0	4.2495199999999995	1.62645	2.79143	1.6321907886899998	-998	-998	-998
500000	0.903749	4.47604	2.57711	-0.36609200000000003	0.15641261744899998	-998	-998	-998
500000	0.0	3.4542800000000002	0.49234700000000003	2.50407	1.67012853088	-998	-998	-998
500000	0.616917	4.48139	1.7312299999999998	2.42413	1.60942814338	-998	-998	-998
500000	1.470468	4.7845699999999995	2.2018299999999997	2.44213	1.5487277558700001	-998	-998	-998
500000	-0.084913	4.32006	3.3150800000000005	-0.752572	-0.0143072224117	-998	-998	-998
500000	-0.144341	5.79321	3.85489	1.4478	0.213319230736	-998	-998	-998
500000	-0.14718599999999998	3.2212099999999997	1.29118	1.1513200000000001	1.5183775621200002	-998	-998	-998
500000	0.6977369999999999	3.75706	1.75043	1.29005	1.5259651105599998	-998	-998	-998
500000	0.0	3.6621	1.9196400000000002	2.53566	1.61701569182	-998	-998	-998
500000	-0.142768	3.6877199999999997	2.5364	1.88441	1.56390285275	-998	-998	-998
500000	0.0	5.09359	2.7032	0.314511	0.088124681505	-998	-998	-998
500000	0.015062	6.263719999999999	3.07592	3.22684	1.63977833713	-998	-998	-998
500000	1.459692	4.41556	1.7850400000000002	1.7679799999999999	1.58666549806	-998	-998	-998
500000	-0.29843200000000003	4.43945	2.79595	-0.154819	0.13364997213500002	-998	-998	-998
500000	-0.151593	4.26206	2.52988	1.11881	1.51079001368	-998	-998	-998
500000	-0.140229	5.42605	2.71142	1.64195	1.73841646683	-998	-998	-998
500000	1.519491	3.70126	2.0661400000000003	2.68292	1.60942814338	-998	-998	-998
500000	-0.589479	5.3371699999999995	2.24238	2.9860900000000004	1.73082891839	-998	-998	-998
500000	-0.15224300000000002	4.43624	1.4556	2.48163	1.6549534340099998	-998	-998	-998
500000	-0.011886	4.72306	1.4374799999999999	2.04045	1.57149040119	-998	-998	-998
500000	0.0	5.30452	3.50731	-0.483858	0.0198367455605	-998	-998	-998
500000	-0.188096	6.05005	3.73702	-0.198347	0.088124681505	-998	-998	-998
500000	1.0986360000000002	4.78101	2.21097	1.61751	1.56390285275	-998	-998	-998
500000	-0.082118	5.21324	3.0493200000000003	1.47641	1.5259651105599998	-998	-998	-998
500000	-0.379422	4.128	1.43321	1.60519	1.5487277558700001	-998	-998	-998
500000	0.22888699999999998	5.3303	1.8827	2.7425200000000003	1.6549534340099998	-998	-998	-998
500000	-0.29557100000000003	3.9236199999999997	2.00047	0.688083	1.45767717461	-998	-998	-998
500000	0.0	4.89371	1.7607599999999999	1.92756	1.6473658855700002	-998	-998	-998
500000	-0.346477	5.27179	2.1190700000000002	2.93275	1.68530362776	-998	-998	-998
500000	0.266353	-0.313244	0.41927200000000003	-0.412473	-0.860318873279	-998	-998	-998
